1391347
74897599
154155413
253117062
130978358
214009046
171618108
179970479
139457837
197334787
214008432
213678661
138083218
75331097
146457002
178596691
191463903
167750518
170337343
58510250
214006984
75378756
215101707
205930779
152738111
103637219
67029245
157943579
168663152
184669779
160814241
225385243
36376636
138838287
74892021
164361837
179805786
213678732
174287389
75378750
213678772
176464521
178092987
143061027
225255034
79709163
216178735
156644981
214008289
855162
216382694
139457475
196015143
245323425
51844790
203862292
2758623
235732186
253116803
133005345
214008668
166405895
252069617
103545051
174342096
135390778
43755849
