179764679
82858526
799221
175885349
55293401
252824160
217611113
217426910
202330493
253407537
206711068
217426301
248400025
248211171
250358413
250353064
250355704
263583346
263575647
217611801
208120400
217611418
208642970
204635887
202330610
217611162
217610790
206713180
207507456
207510790
15262908
242626610
44935336
37293500
208120296
183927219
172317861
104272956
110267826
100869331
114739858
203984368
173683475
136672529
202034711
73355427
110008966
181786490
181785641
90885638
193760552
90299242
12415334
88818455
197730469
103370189
196193410
128302945
24952261
33008577
253407936
6447319
248167386
31712916
186907597
115831849
206711942
167931790
135845762
115831018
35717980
129875232
125273366
263583738
263577491
263583652
179882587
217760845
217506119
208120413
217426447
44055190
242753467
202040902
214613527
252253115
208120564
248358939
186907640
262857035
144353469
197729252
125158828
115726095
135840113
108457239
5739881
16861682
44227523
179877696
28640526
75630719
175806631
113366491
186907482
120575784
120577041
141237403
97772932
35155613
178954712
171496982
115726219
115726093
175797846
115768968
115841868
191282307
165597649
84763243
31839869
37664688
144614680
120576446
125042530
6731453
59201621
48290730
196320575
124413865
6587647
90504695
184069931
172317560
44150366
37293881
35361186
178466080
82858054
120577629
196338392
26729811
144614793
71540294
168092956
135898405
175806476
2022663
6398301
98280408
141237113
248162291
247719257
217506097
208120283
242766732
217760056
128268261
251253572
251253545
259563828
249746548
199103925
199104071
129945276
180318887
175829165
101291723
113454090
178467927
123841235
203150672
242748868
132372286
208363139
116021248
108141955
262076767
263668841
263357538
101292419
242748830
262423396
263483320
249747066
225189317
174631413
179237613
179577191
208070372
48316320
140961698
144887376
206651925
147462048
158183284
186496943
6039867
7535761
214005330
262518416
104615608
100419943
111585800
100420365
120265831
199971917
98165193
72770609
115495634
140138749
114207066
164024177
76119727
74180389
167057703
192197093
171438841
164160583
180299146
175797891
207383577
135897810
115831625
88821224
88818319
125240781
125271531
125144778
88817997
95852299
201389118
149779899
179583982
10039535
212948217
10735132
34572325
35801534
130754843
125793569
163677844
101291835
36610793
120386858
111671446
98161578
172952057
37905995
179878154
134366152
169465167
100870006
193924791
144537871
168611061
113199475
88818295
208106891
125261582
88821201
125236976
88818588
88818771
108142795
175800381
207385749
186907626
186909644
104522234
191592535
103284651
103266221
81136033
2001361
92344130
7312421
38210767
13980499
27606654
166551189
143638192
120049739
155251301
186199761
252582808
100029821
103670066
103266616
186741938
94485260
217085286
174631652
174631950
98712452
140865878
15638856
68737249
179879257
179885557
179885351
95886610
179879454
217611554
179878569
37664750
111671671
156216087
153875618
143001955
91534140
175784726
196888543
100419953
177556950
73864506
74386227
84760931
100313132
23512809
111669910
169640945
115689231
120386774
189216609
208017348
43205242
