167619097
72012850
192650377
109411598
112990551
145221431
189654259
185333270
117155048
203863506
226742904
249255868
242483269
155237503
229703356
263595811
203402859
197595760
197596087
204847753
204847761
198768182
208127214
261839276
212427432
87220163
199644909
249776988
262036113
262036197
263314959
263313350
251754986
189972752
242483522
263595938
98157140
89629332
174914309
175996503
165893591
165893935
99142559
69336705
176292919
126091637
190231779
96150705
174636780
173814047
91405030
151844637
249242329
252941749
201424638
109407564
157703824
136820011
193639191
167855805
182710208
138491754
165040980
138491690
174295218
167853760
195301559
75987109
176292868
158653114
104706757
176293082
144129007
169100753
202850853
137668747
154891885
176405607
183916646
131125018
19637163
93689297
174914366
176292555
207853271
113411942
118496378
262036114
198262051
74568825
262780994
207290443
158421522
114313700
114329554
251927377
147974948
207460850
192973509
73871752
229702998
196954694
170440490
200761490
94773734
112644184
94776589
162032621
195708072
91107648
109419785
193366278
104512344
195454352
195454643
96150499
154888707
72011848
157714357
166412651
182587813
74682724
196189463
145550153
74185628
127352329
128866159
192642555
136773232
117082732
150715859
90071451
146512075
182710145
177647218
156936448
141273443
109406912
87217546
36858893
91108102
157414137
165887577
87127467
90066289
146502891
91335990
109843363
195872661
104176765
104515745
153471543
180945322
113421144
177995500
84377430
151842715
197172568
114333972
96147724
112644933
36630116
182710787
72012218
75987117
84749785
182587979
174914294
185449634
204847795
204847875
216211212
209882428
202615351
204849279
80644740
197290529
249170205
217468859
249033010
263049800
263309695
204847818
263034166
260928482
242483729
197172306
195301806
183915245
104511136
262036245
214822292
262597908
262690559
263596195
143866197
199539712
248558647
246931940
204847826
204847941
204847891
197560376
203874492
189972727
242774271
190794846
263369808
229699648
247317822
195707997
80643073
249157044
253276746
242200705
196189417
95059921
157414305
201385403
201712833
204847760
249254101
96150533
242483418
247317884
185449642
190116514
210274598
72018802
91402731
90068588
20573701
178482363
157695023
71073083
176405561
74187423
195454452
195454223
196092687
67238083
72012383
72013539
72013911
91403848
95206508
96147770
193589988
249238519
205588347
249169623
246852737
204847815
214822287
195301668
190794820
137667261
133613148
180396991
129397178
154855900
159055537
251773131
200721221
173360281
125416097
171682057
141534465
129398898
159050180
88020750
196158919
141532242
83518131
144125690
186549090
137667108
198543432
198543180
178577763
101463378
191127236
74915079
190320767
117081856
72011357
75659414
175157697
186549136
202637460
178577451
115981786
88227430
141484169
90063634
143423835
174842649
117585113
141534694
180398450
137669542
180396893
182144108
91075165
176416905
162832750
170440399
162866484
198379656
185505856
185505781
212333353
175990340
168577491
149683883
194375041
117083952
154886785
176635053
177635181
168824258
79461302
84559013
97534899
200926590
159055433
124772254
125416555
134555666
114333874
178578208
176417426
154177707
191125491
125415743
193132550
169348651
169685173
170440479
175992307
113064421
134388472
198543581
177996697
201623615
169685242
153491082
89264090
131524263
144139541
134405916
247669200
176370801
137668103
193365815
162030202
79461086
79461199
132255242
97809476
141483760
140152227
180391299
149189173
131524494
141538805
139244081
121029436
196146463
167683189
198542856
102753530
178578026
205519467
188687589
175992928
134389454
141281869
100490576
181916087
181915988
170440431
130029025
137669390
158221140
176405806
117083513
168821819
108333385
92145796
91533055
192334100
191150816
173550673
187955462
176404375
174294308
156936407
175990978
138123497
131416492
117081891
177701066
109416293
143425149
114333979
134947077
167529972
190544165
174842658
