260083070
260059364
262346314
260074767
260095547
260043138
260098940
184759653
253079446
251534623
251087694
260926501
252548156
84884230
72039936
106756857
253614373
260085842
86420085
110202010
164598168
217141049
263351019
262839167
108799675
260093789
260066972
260059795
180308522
180917798
253630605
252005488
72215289
144125552
169817512
136898497
44822513
136625791
83022203
118159639
99542686
125830439
136624192
115692027
214597594
136624179
83375657
121648136
206218656
214737594
206228084
157495451
89893827
136625044
168653386
170873933
125239242
130996967
125832958
116352433
46639255
75392072
189161241
136625265
152462795
202014192
59460633
195941390
199554936
124774097
187156740
144082761
221040998
55002689
71049642
73530193
50602363
104928419
208172093
30701395
67474812
104174628
104172952
60137349
196340125
83606658
83604545
83605888
39326556
45151522
83606339
142192147
83607017
83605249
126997020
126997188
198969077
213864508
170828094
194129533
197974047
197974726
252710853
252054486
252314468
263562376
252715091
260085480
260070571
166089706
121285902
121290679
121285338
174596534
191774407
178100886
121279538
121288777
197264336
147452960
36389532
202495531
208217585
248547365
200689002
159597548
155547017
53200922
85189854
33419109
153500303
89893892
50416860
136624633
177170484
136625092
95704997
136927527
190605853
167493067
157496898
83605828
118162060
157495908
25080104
177200873
102038693
125832876
116353832
55263491
76295954
161426557
196962765
155888302
69452592
83022206
50253602
51720242
40591850
154094532
104664170
58737647
69030145
175688101
136626506
44422716
138393806
199554719
46471157
103979312
12380462
26553895
115934353
68009284
178109214
157494786
194325657
108716179
104180895
83607102
176752053
83606457
