149312317
149312428
106582257
198918508
59089290
173650792
173652293
69457265
120524458
120524824
120524595
113208888
174518682
74622966
120033543
2009215
2009219
2009129
2020563
2020619
2020621
44572999
2020691
68673199
152769224
122315228
34403580
53258344
38296380
74561103
22755965
74009173
58805054
125100550
73854580
24834700
42402978
42409698
72132541
45812430
113208909
129024375
16437708
56254524
2009121
149312386
120032762
2365751
198365331
5149729
160684987
143113300
143112387
103363223
2406109
4982469
68109855
189671621
2020559
2020565
2009039
2009113
2009005
2009105
120033268
182297129
206663660
206658422
155562470
6770297
249174064
106588168
252073490
19780261
174531746
174531697
155827521
147725067
194461788
138480697
17593095
120504895
53979969
2406065
160314862
68864462
217727868
128292325
77446264
109702178
43112378
72008040
120068089
120068186
158855860
184982904
43694709
162537864
120068106
16052918
14267443
143113258
77963000
33419039
79768503
133776024
133832410
166550319
109888815
170653650
52252996
12007319
147101194
77962903
73551599
73568315
143112545
22619776
21484269
155169039
136681201
75983402
157601350
194026659
176988049
120504893
120524835
142827796
146945423
146948565
120524970
120525021
113208925
120524879
120525266
189756304
144873593
8238266
5173827
72099186
52424470
136088976
199519004
21981311
2020511
2009009
120033568
120033446
2008997
2009195
153466057
168356856
184069138
106585399
77200181
15241609
74893725
206323485
190469773
6822565
21978833
7261987
157254226
43673324
14660367
161524178
4128235
47465448
53979966
106659383
217371568
196759193
204685889
79768380
47507684
125100431
120068114
141490429
34849741
141473937
133000783
77040654
194026186
32924517
196759023
119385053
201081463
217386207
136091082
130853763
145112738
203040027
143063148
193104461
83939773
52608888
72130893
208890228
194025885
194026093
146266851
120499925
120500043
199519851
130826158
127604836
98142858
101395036
101380318
186209241
189937871
105087100
76013103
110169157
89589121
120499904
73791186
73274050
102966548
114139473
74864406
104438738
119989922
143063632
143091556
161493115
173657848
173654411
143062288
143100393
92640902
92626782
173654157
199975659
199993379
119989961
119723000
104438739
209274154
252563663
252563574
170782484
253409509
80367891
142458366
180994047
166369774
125181251
103887163
74793514
1917115
91591180
74283390
91616158
169732824
130774259
145390153
55779732
83940550
129399927
74892776
121173964
184093894
29813658
119443548
75832656
9821513
152803631
76666235
260961569
14520453
122310279
2754649
188960618
120068189
188997575
180730879
133000704
167473557
96046288
157073829
176130340
102012346
91622751
103886767
122344883
123841633
72752867
67546630
153539449
73878798
194026638
138214302
76677109
252176314
119989916
143038636
188750953
92770901
181910166
189641639
133897995
138383636
205232660
82911801
985938
78969806
151803530
74641248
83677828
137796500
131882844
193054716
191592474
196758967
100320879
255464454
253782663
101488026
183363750
140776558
110098827
109949772
164278812
146987080
48037860
73292203
147891186
102559063
103887337
188959956
107962615
78966464
47359572
145612043
185843748
136089431
102809057
149437022
188250299
195977444
58943414
104944684
98074341
179013848
185829780
143063283
174531794
147724805
201058683
181379088
13832301
75832150
136940001
146151002
184236532
174588880
134363528
114170445
147993769
110696930
99869516
168653295
83938667
110691529
148966862
197337320
130063287
91448248
90792131
173515287
102012311
73314407
147101118
188018018
173542436
192691676
83939795
2754655
84382059
144193618
96222011
163577559
193567475
115477606
96041823
141389650
188997373
82909010
130743449
57273806
184414849
204989342
120068153
171254180
14757639
196759390
200677556
206250139
170782374
157072971
73248975
74775350
143857826
120500067
143715455
31128602
117688466
163170097
133000759
46755710
116877991
171665602
242058688
76477878
188213996
143845058
143861473
177974955
143861342
138198932
108850224
2008917
164226360
143703190
197960251
141236997
83692560
176130259
141473773
163866534
204204604
77544314
125353248
95991183
72946828
125771602
141472906
102012540
82489677
185468182
185468115
107763705
185775416
185843742
4696117
15729238
144317882
138924130
127556921
143849566
143703520
143866474
138138857
143897184
130844238
143701597
127633321
131498031
83692432
130829511
143857603
1754637
142321214
174372587
74861200
74862821
101497277
140964641
75002715
173660700
173661176
196726676
185241296
214186124
809447
92628162
119989689
120033038
127604927
164339201
114428118
82908996
85085356
103886611
184282295
158172394
253407296
59234311
134846237
204666872
184059876
151803558
180990335
104255500
188996489
140511608
107962128
83939036
91447655
145612044
120068207
74599159
149179711
166537249
188996621
97251220
102808385
2425895
188997280
179878079
73294246
98974909
102498855
83939356
82908757
113444583
125019451
183282942
197211687
133565700
143113486
146151006
91563861
102811624
150839189
