183056736
213868642
130470415
7973512
158459465
129818733
39331143
81312459
70520774
134357894
90188125
178331603
195255043
176288631
140148698
196342846
128259800
162125032
157026945
46581748
195564768
202528072
68106353
195886401
199705803
76033238
118125855
35302386
147328042
133772057
14994296
59455937
143420975
205820690
118125333
173582959
73323108
76030080
73316320
43868830
202522252
37799434
44038695
147553144
16160623
115009501
37936824
64336292
126523962
46642649
122092173
68785107
117045819
40365540
196350139
196950320
7697454
178030647
49563977
37544659
133892904
125168589
70838447
161411596
208524702
140899906
205820788
146223359
208065479
136040204
66569928
160990180
11453590
68231914
54930130
203514129
134977464
118141016
173580654
122288307
7958836
198516487
202529733
71055856
35939218
160989907
43848893
160991258
134976055
144170582
70660049
42205508
60814821
143429624
6522933
58695610
45170479
72943700
64345636
147751642
39371120
49563915
139235824
205820813
40938610
196349947
125020676
207852541
158424813
182783506
75704014
194785610
32380112
32142480
209392730
71544552
196350119
70672149
64357701
14996969
137413321
146370722
45414568
162125514
72913426
124149445
154176464
146763299
68080652
131363539
14994580
126677741
69107565
118125989
133893404
79861011
74301448
195716003
42759131
204090388
7938857
32932416
11677271
119220582
32141820
208442557
144234075
193637056
179154525
58858481
200950817
121597525
126677797
162126422
49564070
197171621
114380394
71931658
158600951
19485273
143915411
68232186
31268382
198327360
79862452
160991264
196349941
129823379
178234778
73540756
73540773
242755522
33064309
126523142
49564342
129222273
23060939
70210100
133774209
145549141
34635697
196200603
196350112
195446416
133893952
133893412
34394029
202558578
73498431
202558396
197695845
78891369
35730355
111552368
40752574
208171898
34579537
134236462
44192005
72688118
199913621
139242027
197974904
209401100
58858837
26612794
38952576
84649167
4953581
58270825
42494852
42227096
23923582
58694697
6421627
161412157
200820271
136857241
73289180
139147311
191821944
179982447
129833497
31876152
6338307
201013049
208389096
144044950
167613081
144045444
175789064
9732133
9732144
154206074
23303454
9732153
155810791
159486257
23228792
205822405
146630151
203558528
108048688
145203199
141293122
73611446
52612512
64254469
22365582
195799642
68358703
43617551
16869679
160991371
36569473
68362205
109921281
129071973
125710526
160991399
97364014
134357844
136012337
68231093
43634955
73527651
73527685
205533033
196349949
41373261
155809120
122344905
201012764
136820286
68279398
157498314
135571730
126523121
173581554
134976085
198509344
133890194
198501535
202558340
194845653
125797627
199569189
198364594
178237588
44842886
72323137
202657597
129981347
159486234
160990011
58815540
5766121
203481077
42670992
34448775
58745625
23026222
4933061
42342017
42660193
161411573
71540320
197974162
72689663
67573885
6279915
159486388
160991111
11479404
72800392
196955355
134977021
124149607
195564726
195456319
198501316
203155551
35309237
204083720
25103353
133893383
202526562
7730862
2918853
202558317
84475269
162124666
33000687
38080276
76686894
74491535
65201175
58816578
42755651
60196600
160990003
44836691
45416921
73832670
133158639
67263771
29445444
167235819
25444601
58815538
68995338
37992191
144130376
22972644
147664446
11453261
73516012
70115781
189161246
134975864
190117834
141729501
168835963
207492270
139843650
204387735
43838016
22967495
141757347
7697437
23228631
134357981
126677722
64249096
199170208
167543469
38385731
208173511
111549991
179147568
20676987
29187725
43009074
156286015
217522517
179154234
187826343
121754697
125796925
38326779
161412465
197627308
192844608
125730304
42496477
58729420
28660689
32257277
202558361
134975848
100492694
165807536
167613075
158679383
173519487
160990076
127193335
129768561
127351862
41394022
144239565
49564137
205820806
7973532
205955191
208389186
149847262
149397180
208389134
158600942
205533091
194033491
202657400
190320688
74769645
134977342
36311551
196350104
200520287
19551641
11480145
37745622
176288914
59524958
71681584
71666715
83780361
109933762
69014770
49563811
98225394
198510421
193970650
132841554
7663997
38960559
75407009
185350018
43869329
156957780
120672697
75358744
43842370
137976897
70163590
173581735
202407243
74010857
179739531
76596334
179982976
160989904
189161839
64313363
126035491
73476280
146573577
39851596
49563635
160989979
124148580
126677988
173581650
160990489
173581747
123870489
68084940
39332974
181417366
71733456
195886575
118127020
116005510
35180994
199119675
195450065
199104641
34481894
44180145
43869998
192850858
43845963
197626563
4775491
67695850
194477806
68779861
121755822
43758623
84484474
196350049
160990255
202658456
96860875
38408148
193637158
122576781
126959214
161412749
58815542
75618288
6526869
75361593
136853788
83779729
160990588
202758633
118165621
39851516
144269464
193242479
46642628
126035674
160991003
64332520
125732678
126677869
204320374
87219140
134975938
189896837
163874545
196955168
175791096
43610423
141275771
160990650
123872833
74770988
145540439
192385044
