155192089
180308418
180308402
257766715
179151032
180308525
180308501
155190814
155191451
260958293
155182975
155182084
180308486
155180114
247446946
261034678
180305984
134358415
162125946
188229569
219457496
179150622
155191194
134356397
162126480
165236260
165236772
155192788
165236427
155193518
155193165
165236267
165236465
155190816
155192828
94998549
165236754
155191018
155191237
262293057
261799236
155190821
155193007
185806627
143036414
74343635
127485161
92469439
90763285
92462855
113842997
140823546
190420399
230354043
104153327
77629554
90781794
75935197
90776683
68887954
146381983
86263543
10862412
9468344
90774429
75511980
90762461
10860715
8839157
91929230
140822795
131304162
51367219
10699634
75777342
75766280
90788431
9436092
68887445
162054863
90765152
97482316
76498317
140822358
162056370
9441911
8839832
77330475
17580428
100314648
10699003
90766942
14945833
194179682
90775554
90768569
162055346
8596739
120648928
127485296
95912322
132133780
8903395
113865228
100314836
9466886
14915296
132139672
96238568
146382240
105337220
90786953
96238578
90774550
96238911
112509220
101223671
106656841
9467979
91941295
153815799
162054480
11007021
11121456
8889665
180739200
9461235
79595671
127485145
90786432
76498483
140822560
102173121
68662400
91106303
9450210
148943273
104151966
26083999
10940936
90414823
8876591
140823098
90789088
90774308
90780517
15556475
90781836
76499080
199671148
9468081
9461599
90766375
96240564
8891229
95899642
104184919
207326905
9477210
15273943
90790640
140823423
21318817
162054849
185807021
9448380
91106599
132139922
90774301
216350696
8596684
73924846
105336269
132139763
8883694
160290879
248275225
207329404
193646971
108926052
96240605
69192533
105336946
162054944
161478936
8934407
112520410
132130158
76499103
207328867
87056251
143415560
92462273
95901057
120600168
8633575
8838517
90777444
9472349
105336914
96241939
68434978
90771125
105337056
132136580
13689799
73927965
97318555
9468184
11645185
15558009
108809543
76159879
8846483
10698538
8838611
8897553
132130494
206563810
68852618
97095844
140823754
74343686
8546707
73400676
104113444
104152129
207326106
9461442
9438219
90779868
90762328
140823105
91924588
178293692
8852257
100275100
140823067
194847296
51528032
73925191
132129011
9470496
97929857
17579916
6792477
68854936
100313785
14907084
190361385
10699583
105336588
207326010
83857402
214731450
90787262
92463202
141075873
129881852
140823009
73399843
79598242
8883263
8887893
90775348
76159913
11635027
9468293
9467141
6832313
9442679
132135023
207329440
153582331
91533013
10816714
9479495
9483486
11015022
102173343
21324089
248275174
195233386
68883004
68848444
87558104
105337145
206504801
185807244
132130955
132137757
9442611
132126088
11088589
129919220
121646897
132125782
9449707
10701696
9459321
132136973
68888463
37742628
96239052
96241947
106893010
213861012
92468241
92470371
14945824
9467927
22675877
9444602
9442500
14915275
8860908
90774812
9461877
10697763
73107760
76498696
190446455
248270980
77577823
114323935
207329602
75576201
74330803
206563556
161478843
9476706
90787417
90779567
9453294
148680071
132132730
216914432
9482890
9457875
108938922
10701374
8934642
14915040
90791998
9460301
8633766
9438566
14915105
132132859
9434331
8888730
15298570
120614506
132122980
132129362
9456134
140823267
72724375
21321893
101770827
15560423
68601914
140822794
248269098
74595903
96238993
140822460
203277122
58520777
9441559
9480816
8914823
90774506
14906925
80981677
90764392
101232593
105337053
75511067
101785050
102173270
68850159
98655544
170606449
132126488
8908844
91107290
6791875
