220683674
249488825
257773468
205829155
254085278
220683725
207957025
245776394
262605583
262605541
262605567
263098077
257773463
257773472
257773480
257773455
257773462
214767332
191298261
213928036
90341450
215217930
214584388
142349894
220683698
181183604
207957078
81367512
215217944
207956864
207957086
216136264
217719286
252866879
207957037
76187260
177545669
177545708
213927750
123992795
214584392
207956967
192952334
55738398
208658053
29347560
217779641
262424675
254080783
216139101
207957072
207957080
259316982
192952356
173428065
37736934
192952394
196051589
155352405
213928000
93553646
213927850
76298265
169265099
242214542
197828149
26486347
3998819
187618596
187618420
213849995
217725974
215588970
254080814
29347218
196888451
14813748
29347124
217779562
199575961
249818484
254080787
243245084
55741736
220683702
247237126
220683598
247231904
216139080
204942206
212555949
216138957
192952330
253305851
251535666
205162050
216903199
49025554
196057999
246638978
147431499
248128051
217720527
217778853
216136570
169265078
247996503
183930544
192952346
152555574
211308656
253307576
105603920
217726083
217779519
257773478
220683573
247706962
253089483
259316990
259316978
259317054
259317044
262605526
257773466
252061841
217779542
254085246
207957092
263560172
262605569
259316962
259316958
253089491
84732024
84597531
173913720
158011730
262786693
206248856
186615322
119324447
186237093
116722816
197746221
249766879
144250902
111614248
104802291
136367485
184589193
197746611
153468713
186630272
73887880
151818594
169777242
115779043
130104806
113888010
186553422
250470840
82912265
73881662
133914254
75618160
75515290
197369480
198672363
82866027
82473325
203945418
93712355
94278658
204923475
82482673
117787102
115778993
53302040
76827911
49710247
151818841
75641147
94305778
163162386
249764392
142316744
94346265
189181449
179795848
133073622
208189213
104396130
94348500
144462716
76029634
147975893
133071988
93831236
248635024
133071675
133071384
75630172
75619097
3974599
82482784
133071243
188006728
53922105
186606784
88204252
197746595
107011266
133071018
216213795
142316567
145608780
142555191
74491065
133772892
147671700
52911393
151818141
168668379
145620363
170126781
107312310
193859138
194595313
198326047
142317129
102159113
117836556
68342314
115982344
102872897
140148017
77767805
108825402
133071915
205894618
76827909
41015922
104396845
142316785
192276195
115778799
206295572
187952412
177617539
191956750
73887005
118586742
191093081
87159645
94365465
187966993
216333853
193450353
164376332
94280259
13745994
117835560
200984255
76201559
117478102
199705661
73751206
117784304
84695707
75620679
206249511
197749160
249780020
89968964
57046529
169545192
199730934
75665148
198195713
152567844
73727141
117295102
89206229
199008984
94304247
197544914
136884186
83937376
94389062
82866200
242649030
118959558
161844379
146380324
104395408
188136622
136367181
131817247
103046833
136367187
103046633
114975016
74511900
199032260
168387038
201643958
16718639
20585782
34281622
75634847
52248893
136367331
37941059
55499822
78924556
248567529
182463735
107310311
117478272
77718755
143827033
190319414
135734058
94345608
191429358
94292461
73717757
117836531
95063937
30040268
192874086
186531106
75977831
83193652
216369153
179533066
52489468
41767514
15608790
140938581
133071023
133914454
191909760
194584069
173914222
162476105
206135124
217728454
103046622
133070682
84270823
88785428
190702434
249551415
177325569
115778724
117787527
29933092
82482859
160634020
181447701
117835512
126507734
155113675
192879831
37941186
209396789
127220433
56651153
186271892
85366318
108391393
903310
117477875
75636643
191960056
216333061
114783526
160670660
142827339
75637945
204931560
136884167
215990142
252325686
73721488
177734907
133072526
59146368
23379518
82874229
133070632
45412675
133914382
116378683
191954500
142317169
90491084
190539188
179493372
74512643
104718168
105170786
142815538
182457512
117478215
197571115
180322899
171937416
115778871
27846356
104396375
82512706
82139772
217386352
32164521
205811803
68779137
142853259
115224639
191909539
76131829
247361843
187898976
191314038
114944025
59534853
117785509
82855776
74238175
106202443
160308315
199747359
117478400
201803472
151898019
142317199
145553882
151950959
107311264
117787690
177616251
193787575
158807899
206248839
171666751
82485968
144170679
49463870
46282427
171666549
80660499
146519122
186692163
144621400
193859184
103046747
54914739
118665955
120285334
100047937
186134782
92453985
59477321
96300737
90305030
102139724
197749161
79116304
21169245
140333616
177912433
106205641
191314459
80611807
262990543
53921614
146649999
186139751
109347953
153468782
74512947
42341315
39540007
117788039
146380938
148074707
193553731
162476414
192711660
82482847
903352
48897304
41601235
141658731
117477504
16601434
35410157
134438082
113919437
142316823
153468611
192880559
178836658
186237187
254085097
107311383
76076101
208916810
205539424
117477762
179424546
205812074
71487375
33653449
191820466
125426737
142834355
134775134
196837892
172676731
94283085
57746755
204769094
87532298
78629310
101598321
151898075
213556850
186070412
1063814
82862705
158709409
91218842
179971428
143228302
73921390
136884540
133091675
173912394
47171413
74512979
194393776
136884129
30037049
115012973
91779427
115224320
142317063
153468715
173856833
251460644
82855747
158802048
247806863
73911950
186237280
262980767
44623201
171944650
126508763
87642143
40369884
242696728
113400541
115778998
74793583
126509300
191575999
38122350
36587027
149217944
165807328
191320344
140938768
82484266
72575815
126510284
128325444
136414600
154241080
207192604
31597253
117478708
192884610
127204872
136367206
146234940
194082705
117835714
135291258
249570604
107321029
154207311
51943310
152629338
262301101
248634764
107305214
177735216
133069838
59146436
107320783
31322183
59146517
44661849
117786881
104689165
167857370
142316963
142316599
207750064
204957672
216360164
186134786
150890014
174051443
174216614
198584632
35460787
76116366
142316988
130944224
117787688
117787417
75630282
144176992
55003586
141291015
56575066
103046742
143826968
68237322
131817235
187593241
72497577
77771069
203847689
200619183
113400686
25705032
118665914
215206840
48418708
56575778
17035774
180322983
151585792
89206822
115779157
80611788
208591732
4071633
134222705
197746166
143613635
117788219
249818293
192711694
173912756
36230292
192133369
119644966
115778951
117478048
117477716
44623384
162476163
94225884
191319900
2783289
64376000
102139712
217386112
56516834
48860378
25108315
29830344
144756816
173912527
91218838
75640895
117477714
94306549
117787419
198040833
141242939
113426349
57810291
95001852
88769636
146240697
5524869
74595603
72785145
164010783
94895673
76545596
147353873
99869018
89722839
208060717
198035240
169304673
134318592
202709332
91817303
146593575
57471069
201890639
74595692
144082384
150994628
193758436
90966843
209613216
174442939
31026235
134318367
140149524
197952974
96845899
70092685
93957411
130872997
133165496
129821397
177639381
126048632
154919475
118125293
79707732
126047587
136839139
191926773
109934469
90188965
219456273
143827108
204621803
216099326
192908818
198577315
14843984
194114919
127013994
106756937
101457075
261807927
147486906
84893808
101353760
192015610
131238862
191820852
114277924
106304591
127995384
48535922
71058053
253151578
105707275
128269177
101353651
157096872
126049095
124265637
198922698
165884315
158669687
186592037
165242799
134318769
115440772
114277616
193889410
253039702
106514070
252762587
106655721
173235684
173771933
183691588
105137760
129818836
58573880
208210646
57123870
118162576
88769424
72764159
166321024
105249365
209852358
197953021
170917542
140138812
144453380
108510201
148937282
165242935
101354166
101353780
129821193
148937311
49772231
57299678
126049019
100573524
166525966
128876942
73538069
101353861
103595357
114277189
114277091
14341171
155256914
181186467
181186590
249000499
11697882
184252731
158562962
55102260
155788060
149211270
30694198
160091170
146233565
96662387
199119055
174630046
125257190
176156398
49352188
13802862
10591414
144259503
93046366
150842713
159314178
115440757
70217339
184689449
16530997
5524859
22717441
