70719692
76778543
197886556
88921203
207400265
192844490
10391835
162134458
78044814
190782356
91475276
47297068
198734421
68554424
52144917
84547469
25316460
90920002
165683169
15049466
116330625
24022445
36829589
74744768
1812171
14349584
108214204
8156203
12597362
199952613
30163125
76583054
42867354
48051380
137593796
120541159
45813555
76738623
5079527
84547474
24067290
16241718
50469152
13745122
21864543
89879461
178005102
89878990
127568612
114272001
51150160
207722056
27817979
16546515
108213417
108212896
108214863
40414992
92816303
36281311
53501978
28925107
27205324
196856461
25315707
23427952
84877396
215911933
99907157
101660199
54676480
115575978
77715424
41610980
91464074
22039671
59460499
194477483
108213254
197889299
194583188
10379795
55002590
59279631
131138476
24031986
92370398
84549196
84549048
84547359
87776266
75825778
49731906
39293292
78045279
5064889
50325980
45839500
87113459
25314264
14953423
136679123
204067038
37141868
25311450
20328627
54782276
173300181
84547784
177813855
136679353
51700010
4954029
48140018
99909746
123673161
11380018
6443645
25620073
48033552
74743184
45839954
196199244
173890585
200787638
108214567
203867923
100031904
14846500
163902598
10157135
247793041
203973588
10383770
10120101
10737635
35458926
117662150
173727079
137498268
111695759
179570867
25312475
106361905
90719645
114400429
204066874
42510353
26082676
136112119
115575869
38533873
129453808
10380754
199955785
184903526
116203605
25312143
176504884
25317537
24036393
215065567
40423592
84548131
137212091
36064763
72612252
102142477
117006925
149470425
241999906
200780527
95306662
10875335
165713442
14846679
58311532
195623979
188919473
92375416
114401562
195862815
87774297
84548475
25313297
49118173
161033688
36827861
36362577
127568266
26092226
4297869
215911993
111035228
114465755
25314655
19404528
56953844
20328717
44937148
23405251
23411884
84547847
114758398
89907710
193080757
170707491
248522943
99910925
10120164
135216908
16109257
25311329
208288921
84548091
200739490
131138360
78044224
198569215
243300500
129564126
242283665
75822943
195979242
73124023
75828895
15198340
159970772
13524255
87830968
87960170
105990006
108212857
12752145
204806226
198740164
46262256
114541014
117645994
24013432
92370842
76132735
137507027
24036658
111039994
47961897
116330853
23291076
160799955
76739504
53135806
25312675
25316236
24074460
115290327
24031847
49732009
23413777
78044308
42520867
115654320
105671647
50481879
16245053
84547689
127568240
107556666
183364094
89879117
214100151
174261434
73120153
74747026
32592433
24644661
108214423
200787986
136363570
87834476
10177200
15000669
214118993
103550985
92372257
13855294
26075395
78045748
12107402
164362916
55065028
36357029
25312457
72593207
87778393
24060279
84548701
23099484
84548567
25310880
49734127
111038374
53961999
143809873
89878697
161035054
136679635
49722787
45092472
47300184
44855638
78045233
77988032
205508400
50587785
38538673
91464585
195970257
48033620
74795025
43881143
108215673
216087658
114415959
24072605
25315860
55003123
24068462
25313043
53993369
84548998
15404386
78044903
36335290
20281316
47961801
25311055
45108161
114467465
78043152
49730960
25311854
55018898
25311970
24800727
36368958
25314944
78045510
78044947
79437659
56444980
217489792
50478116
20328262
217489616
83742000
127568112
201167512
42867261
78045720
114758663
32676547
25310154
25314503
70586551
36357068
141260296
102143044
31215070
144235298
27818105
32328031
78047006
84548278
49733017
4775521
72605135
137212231
16097334
161032689
35675448
25962563
31707205
8714667
41610764
36372643
58210832
111039895
192678251
14845153
214949887
10121147
10024130
10066229
13862484
136678674
16598617
195951237
25310332
43091693
25316627
84548696
84549254
172240737
27830160
184419138
51933070
47298572
174256045
78046520
24047408
205225971
74181515
25311010
36353628
114415320
102142903
165682289
89878750
95141759
201579536
25314425
98907625
16110226
76738797
143818243
29118381
136679060
32239416
122939390
70789367
15049765
115076785
25312380
43723753
52136387
45529339
170715205
99911109
196551149
198268771
114674472
115575903
207311549
54563618
253093111
35459904
5066261
58460044
42789421
206639764
206635740
74829189
49508059
107543426
77578783
136364157
100032953
108215426
10169713
219407016
194114084
192705278
165701437
10186747
97768910
137127623
10135971
186208946
49745329
91547401
25314204
25312752
24067372
36344333
78046717
25314378
87112410
46814102
24068675
136679371
25311860
24062955
11918161
84547616
114272217
55329714
137497834
173739665
25312297
149520083
55070589
92374023
25310692
87775554
87769803
249689245
249690259
50429241
46163714
190459926
24071648
70508459
114539941
125945899
25315547
87769235
49730761
21613203
25313367
114465510
99909407
89878857
46208506
198569334
174255839
12388134
48035057
74795998
74746450
75825735
74749092
27922701
14892982
14347808
4096903
206637510
47300891
207918430
22434685
11240692
200765142
108215453
108215485
200765193
87898931
199952616
200780468
207398403
219407623
12756347
114758789
10154330
14845112
12749301
10160440
10381459
10169210
30155511
207916608
31831956
72305198
87117047
49046812
25311377
24071560
24018728
34706226
25313579
173434556
99093234
164381251
87558717
31697691
136678511
75738211
36353921
107559729
135154236
197899388
21613328
95278199
74749925
31832067
192815014
10067130
74181149
25313183
115644981
44080236
106242311
4152635
25311872
72693926
90719332
174256007
84548742
25311712
49731000
208296417
10868627
52136286
78045566
150977032
176850481
78044684
106361829
25312915
70663301
84548570
25312071
25312082
16246100
43818249
144368438
198127483
49731431
111121223
192689845
38130207
25312075
136679692
107543058
75818031
53447483
155510133
197990502
204067188
11531387
161034211
25314569
24037270
38130321
78046809
36368550
50468916
131138528
114458602
14895347
47372502
10334582
51130194
217477640
125946070
48649575
166436098
78044835
70664408
24032101
137212261
16113800
39295375
184411913
107555741
102143427
172242143
102142554
147721560
214232616
102142812
208498469
84547064
73123384
53993627
84548711
25314364
137507091
53501938
49733055
84549135
24059370
42533386
24067403
25316597
24069741
14082480
16241134
214118425
18007484
16112615
25312669
4230233
78043493
84547911
78044461
26358503
78044529
144368344
114541067
197677109
76777796
207715705
186881422
41607462
144226578
75764514
129458793
114415033
117646710
10818322
108215198
38593858
194710017
219407561
192444824
247299487
10739187
10741215
10819506
10386851
10157390
11631250
168956216
15508568
84548669
67253984
78044632
209350033
18007657
36832472
87828508
139804285
129407188
10144827
117551562
58947836
102012693
14850842
82387656
26350581
114738865
36355776
78043522
28039988
161033523
25313888
16094759
249689053
16245296
125946042
87984720
161032440
93433641
32215461
196201576
114399358
21325918
58222169
162134819
10869911
195478311
212080088
192706299
162100304
207903946
25310523
49473122
78044017
