74370738
192909503
200076980
31695169
198788240
127665637
184096183
138158396
22754895
172337248
100643409
103102793
119529241
197811449
31920776
43769266
252394991
183494791
184944716
80698930
200520682
105101119
154180075
108897280
252394861
184944823
55810989
121332493
196762659
169463034
21459479
102894266
216266135
170187253
51957896
24481134
67249968
184694700
108900134
130790692
192410032
196554027
154165860
57949871
257786669
208642907
7166887
4172017
49226720
175413524
158900063
66623767
216901224
217377138
108898930
197100288
71980428
193605642
100619021
62352065
108899042
127667540
137861799
190085914
172337225
172007043
72763687
112816378
89474329
90112406
66530314
66581541
196600731
57727673
189365601
197812321
197812337
108899911
72710290
80699123
45597757
128641535
44855247
58242698
192909481
114764962
39334855
177077383
112816455
73217506
194498557
76468632
112816723
80932818
154165260
181794473
117030906
103102789
46694916
153508376
73601726
112817673
112816500
87446213
134921635
52133924
51957945
197811753
121333122
122210902
157183007
51111540
190557993
170187251
108897343
149353603
104958921
112816821
170186337
138900300
197811340
91458333
121333626
190171298
112816377
121332553
108900447
121333098
72665760
39334814
197778853
190842937
170187256
112816963
120471318
183685446
74917098
195886953
108585245
157133776
247879142
112817216
36493311
112816324
45377832
252395367
54417447
108900526
149351744
89424758
196003725
177919150
112817487
122182542
46136137
121332515
112816284
248505702
54929693
22195825
190809078
108897504
48174812
21074491
112816285
32367056
121106935
138307861
196573750
45597948
16372826
80878016
73736990
213673895
205409840
108897679
43333372
48719878
108253402
108900135
108899027
186066322
56490972
54016334
185554519
53407203
190171932
121331323
172336326
121106947
181655847
73736073
13360697
112817333
197898687
20824031
146714077
54418064
150789216
143739457
115116780
41232136
116379868
20286263
212048690
192330194
24767665
67249992
197892574
45377866
127666120
87701056
132080570
191500310
216901108
216901097
183496326
132078549
150788767
189492624
186066320
192339149
66663634
103102765
138562867
127667105
107345451
108899124
5729705
112816433
108899257
69320898
205284548
113174652
138897793
116380069
28445447
184234344
195278804
100727402
103102721
103102751
108898222
58397204
112816319
20492496
58603058
196555204
97769948
21076836
197892694
191944838
108899194
192108123
196559859
192397066
121332510
132080559
127666626
191571609
252395286
48174862
81223045
71526026
49179396
34511654
97770052
53827098
38162227
21287471
121106875
121332841
127665016
127665781
184317993
127664770
37449457
196544867
205010950
132078764
121332506
191939040
33473109
26738362
192331188
169865934
201677302
73586182
112816763
230317036
103102777
77914078
127666102
192909448
173661461
148006573
225952937
190823846
108898849
127665519
38112978
54417338
89424751
127665853
139229315
197832457
45463436
167425519
163293597
51111171
121332651
184694608
38450160
184118913
89474678
171001843
138384602
126915250
217382792
81223461
121334628
138602901
91557151
197799012
205010983
193280190
128801390
5729825
141765104
127665137
130856507
191123346
167548757
51100181
186692222
112765080
132079916
50025472
103102743
49182929
101819299
197739852
150890265
196761434
127666634
190809115
144234493
127665195
127665099
20123512
100610131
75701510
189673424
205713491
72707810
20366567
149209122
100644795
58366865
197739619
202413957
193903910
184450487
140534958
58603075
97770164
167548738
100610038
194860620
170187270
128633856
54035758
58080074
127666484
170186335
177918947
131421356
22099641
62431356
127667333
112054764
121334062
4524493
58332820
127665591
127666993
19550921
190842906
123753054
178218001
167595045
190823797
230317378
128648805
112816594
198791478
102012276
127666856
148006768
194084232
91557184
32371010
112816564
103102805
24767851
75677028
190172654
192909431
186692201
183495118
49179155
127667163
50607644
151428638
64474006
198800421
112816634
108899384
192665831
157134090
108897167
108897104
67249927
67249964
108898763
76309552
100610524
195232738
72972906
191140726
141645250
100610581
108899924
100610045
121333211
55958594
57089374
108897532
51100332
128516902
216901691
127666410
55454431
51956403
32370262
196356812
31521622
49226690
47201868
39305262
127666549
232446607
192398244
171571812
75069297
140821818
127666794
127665808
72597855
97770080
191420802
191474551
248616032
171890253
183495794
207977358
23577563
184248399
184248853
134958030
173703398
182814477
150788703
108899310
190816793
199731011
150651655
112816558
192178861
13360687
49167291
112816255
108898572
154165563
55454643
49226706
62396840
74349724
54137859
72606303
72598866
111115847
198740976
39288875
20124188
31824246
121333278
197812412
186066318
108898815
123753290
108897318
81223105
22099954
191123352
112816668
58133741
139223675
127666580
197811547
32425377
193605734
190086804
87639576
34348475
58365427
90872090
135072308
195278773
108900601
157512059
174316693
77654826
216388898
127665435
77914084
196357042
43854174
178940435
121106824
199527190
108899096
30886084
108899119
127666546
30886275
127666815
150898441
127667457
191901522
170741229
100619029
146458522
108897421
103102747
89424762
115657705
127664968
190086604
127665078
112817718
179401145
71934817
75674489
207909163
242102946
99670767
248000364
171001943
40413612
49165358
108900072
47272524
103102803
138159555
74546753
161461661
192172715
34512061
196560537
127666555
196598437
32370819
191123787
23956484
150891117
112817656
128801507
139149977
188621517
121333861
146494328
190823793
170741232
190811526
133629787
157147483
17936497
54016380
139220590
30885641
79229639
68917164
73639167
75678603
23577569
20242127
43347277
23313253
23516969
79663669
79663867
216366883
51957844
80929950
20149396
108898099
196538211
66530247
51957523
5729757
13360703
170187240
49295333
127665640
196559531
949347
20149925
127665473
107406459
148011029
121332575
81222785
127666896
189457947
81223191
121332531
127667014
108897880
180925206
74370462
199693036
51957831
172337960
138849925
139226153
225953208
101748018
153500664
132079710
132079913
194109848
169054889
184519368
57817976
201934507
141645049
89424750
103102701
49226684
67249978
20149096
101819311
103102791
67249913
52133935
103102729
62402064
190086602
190808447
127942156
154165511
4090153
190808467
167548895
231262376
197811436
108897657
107344717
127666085
111082898
7359101
127664750
170184021
154165157
248162214
79229273
75667302
75675119
71957020
79229901
150360404
191474571
201677316
247899286
248614087
52154918
75676765
40409834
40414857
144234600
242225441
80699016
59205896
23582349
184248522
184235657
150788459
77735804
215198848
79664529
142716181
102466922
63944767
164558338
101201124
91304872
100354935
72597560
199146673
39378248
248505198
108898633
