58958991
110978803
56036816
11411394
42228409
112531619
16684499
112101903
1792033
1792045
13463151
13301383
7599500
261023745
644023
58035707
4898413
42877028
57995368
56920438
7951942
128158205
110911726
66779074
191804639
168267972
53961245
74826140
48179077
180992722
97081342
57924258
16557787
57750831
57938620
19728992
80968759
48178750
9790844
6935817
74446748
74219084
20073981
73948189
5174701
74172632
57897759
51041243
458422
1382985
191800410
111609256
642406
13781449
458206
180992859
2287655
77093084
42557207
57775827
66590065
3553571
19932181
74385302
74027211
74447465
74446689
74385095
82503513
12067788
48539857
17973987
10145460
11992494
17974116
9845264
114050634
8666723
82503394
26735685
12053369
7168931
20644854
50385671
8059531
2823121
2263677
146370270
206678118
9417363
74628557
20075850
2803551
12135115
56250856
58009763
59422984
63216369
45440660
19986543
20102705
54346342
54346508
19986591
54346440
54346425
19986605
54346427
54346887
20076107
3045343
57507240
54346462
3052223
129347261
130392670
3056239
3056161
54346486
54346372
129347535
51984829
205611505
14061244
118180563
91071936
13443032
10379715
105795163
54346543
105795096
58563041
176464192
54346359
105795111
105795035
19959599
3045413
107708981
176472481
10788379
134594073
58272457
91324585
59467920
56269460
205610729
13608017
202891630
72136931
113190145
100168740
91121742
105795067
54346456
105795173
176531233
3045421
2602231
13288934
13672532
191806286
193042935
110979151
172096638
134567852
59487775
59470677
51255494
192731680
72221895
205614273
1038242
205723885
205613990
253535420
181232971
58272159
80973450
147963352
113104429
112937294
11873518
55852830
16397809
19986550
54346384
155055287
105795091
3053065
3056175
3056135
105795117
214921325
107708805
59471057
67785773
57971405
72122386
15394294
2067777
2085555
112103440
13776783
20283127
56117094
21021722
57922204
91729458
243001640
72001961
147008553
205707440
205831455
58330545
69625329
89069934
117370391
13611153
2342847
147710040
25964603
72874607
203560421
53977078
84583311
154439672
19845750
8557109
262382407
11856511
3045397
3045491
105795206
105795182
105795093
202047837
105795139
105795078
107708868
202803823
67989905
67991066
62793002
185910258
19831422
58945178
31142817
1323341
133832108
114649757
84262999
72221546
72010081
72009463
53961125
170493439
11412023
8321398
91316159
121244054
91325146
53827040
134391292
76418388
205614405
205705289
181232988
149492287
80973404
147085337
20281795
8259201
8557323
146285507
135350096
114596869
122437794
122437572
17043231
20640851
13302555
105795190
105795105
155055303
19986525
155055290
66404670
249771667
176533491
205840337
107708887
2342221
14208347
182296340
205727036
85012501
205611087
57846678
11588834
2078689
19986711
71083424
8262429
84234864
83931284
2071515
181232965
193164103
58328845
58310604
26145020
162613889
207825241
2187189
147981048
62201826
53754480
114279793
114451539
122532174
113097934
15891633
202047783
57507178
3045511
19986541
105795047
105795183
105795188
105795099
249772901
249772919
147782564
241804629
107708971
107708973
107708834
205830357
76420327
110881729
53978119
10584149
147961408
121258022
10566714
147024568
205704974
212250348
26145038
8411901
53961165
243000213
2076871
16030390
247667352
58293393
147020810
146369734
98118457
84574421
122437702
58329176
202047881
54346413
9727862
59522601
176464388
66611211
54404743
19986607
54346349
105795053
107708850
13169690
19744323
84266736
121267004
148908716
3004537
120549157
58374065
2095447
147888476
196675852
57992977
91324538
56375128
2078205
72139563
169734438
205831639
205723784
3004477
76439613
63808435
20283417
70584546
52312571
147109066
40819695
58277016
75576247
202048004
19959618
54346392
20102635
105795151
20102687
175712390
176534651
176533162
176531341
249771876
249771645
107708894
22625465
193059858
252565948
16228823
57760139
57700144
2853329
3004571
57998205
458368
152296708
20278010
35206810
84881883
148908372
57882778
84912509
191805163
58964525
197906326
2105121
58373674
154125294
56373508
19787763
72182202
16551513
91325469
458325
2076893
484331
2095513
58277465
58255907
8557033
53968626
13466758
22382954
181232973
14055934
80975020
153633909
87886900
58271878
73738250
195985345
84574205
84195614
122437736
113157214
114595314
114541065
112928751
112929054
113104709
84573961
121434879
214943442
59482821
19739598
15891577
81330534
2263437
13932718
58024318
57037063
115669063
202047777
202048491
202047695
202047719
3052143
105795077
105795157
54404708
200787156
54404710
105795081
105795169
54346380
105795045
107708808
107708880
107708943
175425631
176534675
107708939
107708925
58131960
88081903
181232966
72008742
91531271
10790790
31142653
13672483
98115997
25812853
98135278
59315134
9729330
113157299
112929938
113098552
154406853
113072877
120550130
215259313
74389452
196233428
476031
84090764
12739980
59470870
3905541
16209014
9735268
202047733
202047697
202047799
105795159
105795054
105795123
105795127
105795103
105795107
68358766
147782560
3056189
130393462
176463533
54404703
105795145
105795041
216006477
3056217
191605077
192709638
205837306
107708896
3056243
3056303
176533515
175425242
58061817
58396302
8557106
191798750
91325084
15408068
58273102
67832588
57884016
110979119
2081881
185946335
57871018
110873067
121258030
149485921
767491
207898522
205287449
120534744
11872449
76418287
58035841
118208273
10815552
73653092
202048407
216006478
3765909
202047778
51668503
20102643
105795040
19959683
19959638
54404717
105795101
105795194
105795165
105795200
105795129
105795204
105795149
105795114
105795186
176534982
107708774
3056257
3056267
3056095
191605089
176535255
176531337
175809747
193541759
192710221
107708832
57507214
3048705
147782573
147782548
107708967
107708836
12614664
59443642
193631972
68109234
2213019
17003708
58007106
115659855
13566476
150258481
58065861
72004290
22363854
91316462
83929779
57964953
10379651
84301483
147125671
172672795
57900650
57752229
87827196
117109834
117161136
205831771
205831686
205611363
205830192
175550822
162574675
145700626
196001281
243035088
242774047
212981915
242484515
243034744
175550192
195651067
253380960
9848368
252090007
213701664
242750052
205708845
84196385
84573175
113190247
18005358
253158442
3045371
202047966
202047703
202047710
202047735
202047815
202047859
202047873
202047817
222680822
253364939
202047877
202048200
202047721
202047891
202047726
263243952
249772877
249771651
249771635
249771661
249772875
249771643
249771679
249772853
249772895
220668102
249772867
249772855
212461733
242620855
212263941
213715959
58961755
197377104
227177885
196068591
57895519
213708157
188900234
3056269
3052991
107708838
458951
57752522
121266907
130320752
149470732
