58622551
73527658
116385599
121482751
162428353
201436897
110123859
201928224
8131987
176402864
91249425
129651404
54825042
249949055
104169818
186278704
20558877
73656070
121293749
171020852
146695771
83606223
203196732
196800773
136624594
196904932
83021842
161426577
137669184
127641105
134245130
127376944
103354842
111748800
104532938
96748441
131505787
86305888
93051168
192426422
143666573
153162641
102864456
208054700
121281297
121292255
99220607
174509264
115290011
99220377
76378214
177189414
177189637
52637923
190642008
104168838
150226130
104664533
93597948
93599102
126676960
150225998
50341268
116997718
85965506
90193228
95703525
111749026
84202197
119362914
129402409
185333250
108101556
82992622
92325759
191414284
72016864
67280951
179420518
59552846
92558528
100746931
100752504
146575594
263303536
263455121
262051064
262051102
174296545
108098838
150225950
175655506
101189738
90325203
155887340
150957113
103431982
85190414
150957321
212566312
137666531
85190855
119328567
98961689
105327246
107637627
129145730
147880784
49233713
4301529
86982083
104948594
130866411
104665528
117901816
87242023
129401953
101734469
68826789
118900665
129404872
126035675
153170172
89502674
142366516
150312137
129402494
93602074
128271352
98552276
249249305
253432324
205336422
155237213
149567358
104665252
107878070
89699221
212254769
212255073
90244018
262653714
118589140
90732266
119090649
122240983
180305739
193428464
90321983
178226838
150226568
121473630
177783241
89198499
90194710
72038474
155191328
122774511
85662376
106544737
104664421
96821614
104665281
104665362
85965595
155192112
72693511
90322526
122960600
155180652
111748499
104664988
155180342
82993074
99547648
86983289
58530227
178227470
155180865
98959997
179147611
101191733
138563891
116999165
146773522
125911753
163825844
90642322
73815976
242483740
263437388
155192682
178227728
104666468
104664335
193645205
177188730
89646408
249237061
192422321
205336411
194129342
242483650
263303313
199178295
182783341
171937363
225919866
