141278367
96148742
104707987
129391902
127584866
134384617
135602950
76255570
50595010
73928444
193366879
179161715
170609079
214822335
214822305
192291946
207402999
213497740
213495247
194815244
262517731
262530734
262522914
249249801
263311555
187955560
187955405
179954424
252841956
190794717
197172284
249157694
214819524
216910058
170609005
193370362
191126505
169347470
169347847
202959729
195453974
260791281
207317014
175835946
194864831
254117617
194501512
213523730
263314792
41276019
4952633
90583734
207699191
192729432
262516110
249248197
257788408
263650032
263649672
261901058
262394298
262394086
262393253
262897282
262515690
199250603
200998892
176406214
200854135
261900408
261900988
208214511
208214518
69674672
195698659
252763099
263653018
253689695
212240873
252763054
263649550
205851559
261900229
247659928
157520361
249254601
249248712
262690527
221786002
199250409
212074819
239243698
261901500
183916514
204847847
196814138
262031292
205608937
262517023
221798540
253223988
252763219
167035763
239218793
214077097
215230650
205306257
132126106
127485390
73965214
140823818
132126497
128659930
140822409
132126770
132109344
140822561
132135268
132125831
132111036
73963055
73965955
132125999
132123730
132110676
132129034
132109889
132126354
132107116
132127944
129925711
132126417
132126990
137752791
139431023
40350993
22100198
191773908
96816425
161923189
100250568
42409636
69253874
199944438
25303056
86297763
19853589
3714865
85677707
145762725
91971302
5086467
110858203
109623206
87733517
91970420
14608613
97573120
82025951
82518608
99148054
172269253
97554211
3714775
184899220
161239190
67366338
7856691
169111704
191354610
70540236
89273358
82494283
91036916
103881798
222677390
192564455
85677203
122070313
79645993
83615800
128934256
101949917
199935784
177712015
107095172
185842896
115125495
91386896
175975710
113058280
123779834
89189370
89186014
25769059
115125687
179114949
97361053
115124945
129302625
167480849
155271508
155271847
210145927
192905225
5862209
151421877
161367537
217146177
119088312
48079619
52325185
205299984
4480971
163015286
117683690
101949380
41691376
201117093
137471933
52723523
68026773
91374209
91387279
185842757
32916109
156202161
97362574
106527618
144216666
249207107
45102148
90186936
146909332
96816746
89070978
111201267
103882952
174584388
25769546
200018514
207900198
115892708
86989109
112358151
68961882
199931970
99100516
57705979
80397153
155378535
87735598
72954128
87468803
248900517
52277193
151802696
139003738
128934160
138603265
140457733
