147798302
139146848
142994619
126040679
131419630
188440075
20458789
95059458
128360810
75438251
145298663
108313061
83779032
21146795
180000619
155190564
174483851
168322725
197742450
195864919
200715637
83779206
67222727
153510887
185333185
263414086
128268189
54914447
133166898
96408121
73832848
123147708
77032162
116803626
202657238
40599623
70895791
124239572
11438520
195864929
198883969
93957524
118159230
177551911
68192525
49255198
189750140
185333767
114294125
107539525
115142924
52159657
176156407
88081905
184814978
72712631
19698397
106793770
176264295
125348903
59522792
105109209
195886800
163806114
15882702
174531581
106312799
104861689
197742753
84820077
101840361
74257953
114379979
252859792
171816353
157636693
101840723
90061397
83781254
90444897
101988004
124239425
105248496
158676375
98267973
125911888
185333122
196378180
127345117
117081473
128278754
153609981
96501232
101840199
54583911
109490882
97091069
181111593
101125512
97082195
193702351
197742573
181713974
165256270
168351713
160990755
177609217
123147104
67554850
195799830
101907495
118142455
131419521
134381644
261839673
67862746
67862410
119415539
107539500
154094781
118140359
247666759
200931156
97360328
2366945
31641184
146708340
72798530
195797892
167478863
113256595
134977383
187826537
251788250
89704669
2366957
90325047
169775372
92050793
187316196
191056883
104843168
136624912
186745973
54455894
155887794
201244865
116004083
64334249
185333529
108926619
5863733
172537892
173581397
2366967
105111843
134381928
155193028
135284710
59497684
115143638
98118020
113065268
124239226
104922762
114380995
198461300
195799819
127964433
73257534
115142219
165184197
170263288
155180381
174224072
90325027
118163351
97362366
177587863
191822059
155192398
96751321
155183186
125830823
85377832
106526574
179399543
194567376
59523149
114379565
175415014
96846534
78969803
185919172
117669094
157635559
185333702
121400803
177706991
96501695
198918914
155180646
147868704
115142053
135283078
54455882
202657249
152892655
113058174
168370540
105895975
84765122
118154039
168528627
184607427
197743172
198883774
155190876
169515136
155193181
7641439
144345515
113174438
122183580
167483171
185333414
152189122
90062012
186285081
144237899
185333352
98655825
195797817
180306094
73399870
183078820
146288645
134976499
197974184
217525282
167475746
116995522
249027532
87379892
101353602
185333411
174603839
105248833
173581265
101841002
13151150
197743192
117081983
243244624
171857637
167236083
179149248
216472960
179150982
75558245
205977469
199650800
263414153
201237729
189267413
105138956
184814983
120856485
118150392
155183337
104087198
134976218
105793514
141583956
176265682
128361077
101841020
93961979
184075745
155191109
124266301
126507891
121479891
105247753
96500373
145297857
133167026
161208094
105249473
114379142
195470729
161844434
108101028
108101190
95053900
114294003
97448443
128279538
101456663
193009290
189595326
188453194
205978455
180967263
179517689
153789754
207282440
96751473
91160216
163806178
124239104
67484305
152892550
142755880
79960327
161451626
118183050
101840612
133166724
97941885
134730691
141328540
146714065
90194305
126507878
98584952
108101207
109921514
157595452
167475882
115552975
52886293
163831266
54852340
142850337
115739880
185333242
84823875
166114101
157096843
74429151
129651507
54907795
199267739
134294382
187825563
174382856
161409997
195864838
73322036
195799014
174621694
195572163
146160520
186214946
78969755
96501100
183056707
183554771
73397180
174552901
167855004
105925190
178032888
178227283
125888794
89705897
122240529
21152338
152805432
126508148
89705920
106654821
78970497
134245636
155179482
165922872
91161186
155179806
7614903
114277131
73276258
101840187
170181786
154094542
82380089
94569392
105925100
112288948
73254019
98629316
135374144
102563562
144490791
97901678
9977656
100927903
124238836
114017379
160097083
136155980
136173326
183056673
183100169
162245692
121293146
122240513
21151814
134977113
197664974
213527904
195865611
105228772
174856011
144567498
176306185
123147377
119418677
111869092
155191014
152459861
198351522
