151768274
113282100
124862308
137149856
192537593
174223418
75947581
184116531
175791485
173420925
51056165
136046870
59534933
155193224
193244307
144203319
174483677
128309888
145289798
76824647
146768706
108024553
193900186
145290083
197081486
202510057
129406555
191691175
193000360
161255109
191686262
5530487
161409929
194326112
11134788
70668815
3719243
248184666
121258708
195747912
204783997
121690589
210424593
106812630
175785969
146778868
73833070
139614573
19799533
52272934
76311761
124243606
115143178
42166423
198321032
73832899
114442486
140437173
155180710
174223483
36258404
120226833
174621714
177290666
7420429
108100260
199251841
146778849
146769076
135455840
160402863
146773100
151034324
20688866
72297420
69464384
72478910
174085573
109135183
109836785
14421894
155181847
109836231
145432509
155182051
127060990
41961581
113048888
109135041
195301032
197974860
177188763
73832889
182297563
155618410
84765422
58973121
24744824
187593981
118195877
197973842
195335582
74417791
155115238
177188241
177188655
155180785
115439896
59522048
125280983
84598513
144082747
177996165
189681798
14700776
84765601
69099617
94635403
177189099
84160381
135351376
77985841
109134990
67473897
192859963
84765094
243244669
262982250
108098812
241746269
177996399
257766553
262332517
96750063
100574606
155268411
163545399
198939734
162100272
124424482
108098330
134357658
204319399
155268394
179151151
102052873
179154141
149567104
101531460
179146560
179148647
179152826
108756815
162598548
106303387
173322676
179155820
179439040
192357523
115290193
115606188
90062181
179146469
179439167
110024138
98370119
102124606
201244850
146696765
121473525
92311232
105327302
115439279
108712618
101354066
94636092
94635003
108099989
77705258
90324852
162126299
71206217
98370886
196327200
178309151
101189173
129497868
155192031
92715949
108252849
106007091
174220387
208074222
146778101
217521073
77705261
90062116
127994957
190754131
104666302
101532131
180308396
146774543
93051145
109933582
132150837
179149042
104665449
108510043
181340162
124427882
153510905
107540221
80856283
146769093
76686844
155180262
126219165
90323764
101190925
84713471
124417225
96846491
180308378
128939343
190589027
155182413
105532667
77713268
176785042
196205490
101840249
105533372
180308492
90061697
104665747
90061653
90324864
109836969
90322783
90321831
106657504
121473561
90062377
139615964
101190890
155190985
80386063
90061431
155182640
155183427
107540954
106761166
90061721
121283751
90061612
155179390
146769832
180308458
94635831
146785230
155181834
84766284
136839266
179151927
76357719
101192663
124238896
155181656
180308425
80394703
179439218
180308504
130996661
180308415
77639830
261824289
208734340
261824424
174622122
214921634
180308424
180308539
180308454
180308488
180308475
193244422
190589327
253176772
260958183
155192209
196331471
104664304
180308471
