49484450
41825009
175436646
78044775
204066785
86417110
92373392
107526503
108043372
140515282
151536462
127653484
84548677
2909423
108972309
44903013
104421845
72791305
52517030
59383958
53062918
49519843
13361040
88861780
112054027
46510448
108043633
181413261
252589608
14848818
32786017
76509074
155653675
35048773
136364113
91948534
84155758
91831098
244176041
122088910
21258717
155753330
214059916
213998888
107330957
12130837
137594961
10686501
58460113
133832172
84548604
154180825
187014037
140313560
40849118
100465334
144368309
174402738
52468484
161384790
176070959
49512135
78045406
49392036
186060627
154179830
213888101
98041898
213720821
53187596
66609852
114533272
59161629
107350508
132014462
102143260
53972473
55624441
83154935
187013426
57043255
180973106
51934721
4705787
78954478
86906200
97768106
117834087
41161615
99497579
73296825
89639735
108045902
13361014
116863869
205729643
146932000
166411757
112595093
201429120
208235151
106190033
136678507
51053532
128662243
89878678
125291053
182557914
95802909
174182061
95741372
87888350
208642694
72887090
138282483
19278954
161031891
186104904
34480223
162750369
136363725
9731762
97768399
37973528
186061813
42876521
49482789
108046759
38542321
78046295
118124364
191899979
107527641
204066757
881776
3416873
98641696
56346717
109335082
155108304
68462778
52620027
166087740
73752844
215972581
101660005
132815613
41432780
201354657
80583889
49502173
14715213
13135024
204067100
138282659
53243455
51373975
22820937
200728038
108215455
137127590
194963644
97768239
97768289
42356808
154180723
207559448
59169262
153875503
130424899
199670171
43324969
102424216
109194330
53482875
126008512
90322074
94834294
144923261
204067008
72623661
154179891
47134668
207559446
15532425
174088890
248084547
89878681
207008570
101660022
75666744
253629207
15963721
167657123
52112801
104844901
21010203
20057863
89878508
19382583
15200570
100391426
184879811
37156680
196332697
162134449
216108035
69238330
97767988
207397726
97768331
128658745
153985659
96724184
192295894
55663464
208051818
116330717
116330680
186062751
21020819
150385827
13812474
174317392
205729617
94225918
35546032
67243435
70209489
21241637
91804983
186064416
90720594
15561952
43837617
60330018
117074697
179553373
66660882
86636547
207502583
104844106
89879395
117207376
144345242
55966631
53705530
37976265
97559371
47492937
138282845
140948126
138282867
95756461
19736407
161032262
56046483
21424225
108214564
170283534
141658085
107804118
110176090
139770769
97768859
97768613
32005690
87749124
193600557
192711042
207335447
20007637
186060477
204067067
57311167
36748914
108043767
207785168
206130859
212877516
84548636
108048188
143117319
13360910
144368479
94838957
9976809
199495414
58469780
187013772
104409184
51647406
147343892
182969986
29800349
192127180
32691144
44874904
2076591
97332525
84549063
49730811
73748311
37772752
181665428
143810298
196824653
161384960
53246518
126764970
161384966
138283011
7604655
176747745
20050030
195027334
205987107
97768985
213868950
188189494
117720188
89641123
154179835
70584632
108046781
174255821
108046044
186063902
28730068
78044544
70891866
207839074
108226993
208235190
144368436
209572747
208235141
186063456
76015579
214678283
55101833
17710965
20325862
102551812
53486074
118775348
37013432
178011770
78044253
87959719
36796074
14702369
32366497
153511391
16926579
10365913
117566141
78045154
116330730
107543097
17000300
110709360
44476199
205506088
89879277
51437124
205926773
36663816
206742337
51437385
52146810
16240901
37141929
16931764
199039906
50254748
199030844
125946031
109661901
10022942
90919524
116330855
32739849
153494738
50478456
32178944
87775513
59460545
20391494
24661977
45116727
10801182
114459006
58299829
205505728
32894956
25315967
127568623
16931722
196059925
108213993
11465004
146559151
64786262
108214606
99055686
125946234
116330780
4299295
198319711
129566753
55738708
16931598
35194440
54679564
192706493
54702076
42446374
157507209
78044291
30163182
51932394
58275743
74745199
17967894
161032968
43043353
37014157
10160268
25937301
36282116
116330516
11612690
87899404
74487584
90919484
109116035
119242259
13626657
106055282
87777993
16110094
35547618
35458141
78043680
114674332
50248437
160356604
16113110
120541001
24752582
194330788
25315513
193878943
87784041
43723351
58207789
43767350
45998193
196026446
31639444
13864865
38049235
87770102
130014524
91467018
206256036
44040813
9994132
248911343
192326233
15399754
32260421
45083268
25311532
58204009
35731275
16105926
53500228
107557361
137506968
145303388
127377751
219138202
68081563
99688553
25312411
56930893
92370737
14850891
114140884
49737224
16108779
104797303
14844740
35527471
84549014
46327860
24068540
98641506
87778338
51053523
185756623
49472909
120541184
24021844
106242705
87774641
26074393
75823589
90719212
219137187
78046708
81613521
192332435
36798596
137498076
49722360
145304247
106242658
77711425
25312900
56949274
106361821
86897268
53966761
102012652
24013462
49722402
43836104
167012098
247302373
170943885
136678762
78043304
16383144
77158044
48551747
49734610
170776245
89879290
102143119
51437655
37887224
129073580
162134773
75774642
144368604
25316447
137212260
46072673
205505749
11338157
25316363
55553203
32743345
102142953
15421345
253091860
35450693
200780563
9691527
84547366
20265333
54991140
13566432
82387747
25313700
52147622
52148677
84549311
87317814
31513782
219456486
201579881
77596601
78490194
87909056
101916677
129061471
114416931
173301363
180868638
25312498
35542722
177269842
49118922
15671713
101660008
77157600
78043389
14687564
172629267
24067385
144368413
198091297
31594691
241382458
11187689
117661969
205506599
114272095
24051645
32396154
87775660
84547076
16240862
54782290
104241011
89878741
86137118
31711173
103419257
88917192
87910081
35355729
10384645
14846260
105794381
205506350
24051146
25311767
84547675
174601385
24745967
14710327
144368567
101293618
67254449
92370965
106242577
68559343
42866921
114399322
129459224
81084743
10143596
11247564
23099028
25312876
122560357
24013605
58462124
144368317
78046038
170771164
32397583
99906955
51501909
201126519
242268378
73125623
11247911
200787513
194339401
97769108
44866294
84549230
136679374
25312351
78047026
65501928
13852842
50469010
12107722
114271935
70765270
19233563
50303791
100256064
200765174
54859508
38055556
21380307
34359414
78044627
193702409
35816732
170241746
17974023
116199930
52144643
27928417
155013735
178314644
155690048
44866013
50479236
107788829
16413417
174255785
87784415
106085512
76086288
128336438
58298986
58410770
153912906
32894839
