170150674
178608496
109839728
173626861
207381522
253311311
249255469
249250616
249234535
249229553
249249626
249249979
187955506
94195712
191220115
201801951
190418555
199012506
216024801
252762768
201832769
178608444
262036009
249255835
12295251
249255898
249248765
189972704
198936646
208218498
254186810
205978154
217182676
87219764
178608429
195708156
189557617
178608503
201043161
158666976
253298961
249253836
249254093
249235661
249234865
249234031
261027880
253317764
249698219
207481106
261024860
262238236
5049317
253700454
253700773
163929522
261979469
163911808
230127520
198984146
189557493
186527667
178608482
179730353
177995250
252762926
242644385
178608473
249255599
263080539
173626668
207481018
249251639
262394613
262212836
249255650
252097448
201155810
157701658
178608515
240848316
193747635
253047405
249256438
260942442
249233130
249249619
253331249
140965776
128085977
193564270
114740323
208215122
119382514
252051979
157426300
229996533
176153327
217752683
203988668
178780543
196373682
177663329
208306961
97962552
72548724
140747615
140750625
112957310
177291963
89354171
184099233
183728029
165276898
262103005
114740188
146366657
105692733
208216250
97960966
108936833
248836470
106361691
195433440
110791868
68639796
143799895
114740265
130106261
197668786
114740891
81507658
160930871
105693007
90205865
184587781
143868667
196295626
195480970
202784802
202785396
217522086
165282557
174241307
192374490
184649583
90207280
94635613
97960905
68203601
105694023
89923268
114740047
72545237
72557826
51722159
146602795
58253430
105370044
249278846
84198878
76067292
23351162
159653999
142778113
155282847
114740726
146603996
105274245
90205467
194412761
114740060
73815523
114740273
125554880
192153366
194802534
128271288
100967255
112958545
87969907
208215128
203448645
203448482
114740285
114740500
114740058
72185907
114740788
84200175
124841309
74181349
101054058
112959976
101056308
214502554
201632266
188140203
204669694
165280779
243029701
165265309
149779905
168565234
197670860
171521956
193994119
195245869
94536178
124844497
72545002
159654085
114740821
97962359
97962549
208212451
97961781
114740388
114740448
193109712
177774999
72512806
171197389
143858550
75831115
101050486
168341518
120049236
262503952
91853683
197606915
152523325
194467936
148616119
213588921
202821899
189173292
143747516
105712159
51720854
72540455
77038228
146602991
114740857
87968602
114740184
177924955
76066448
87969972
117419313
87974966
248817700
143858530
140421675
101058002
90208671
191271203
229996857
165268311
165279543
193512335
142006808
204207461
196864734
165274379
217489297
193994020
174597062
105695112
90205548
7274863
72554800
101054165
101840554
101014769
112956137
40799506
230374242
194412357
235733398
241789230
263109066
112960040
112961422
101052811
97961198
112957992
112962235
101503456
144606534
112957487
112962320
197607266
89922565
112961847
100969165
101265921
97588431
171196983
112956505
112957355
101012831
208215581
261821474
208772064
202785229
196860234
253270628
208214714
100967862
100973774
101053498
112826839
