235880095
239141987
262604760
248772330
191822022
187861683
249886761
249887116
225189551
248715192
254900637
201151754
262605532
262603251
222664535
221225792
201146435
235880338
248943481
261824362
143115111
132815070
139143218
20917403
111491441
119671895
49276031
248715142
15620987
67692923
67696260
72626129
70233856
114293192
114340673
119669495
119669961
80700314
201149209
105055858
178830773
187861961
203468625
192582501
192138292
175885158
253411389
147866416
202559610
152524006
50445915
66828422
68522992
119669571
56655204
118141097
191821397
32231547
52126706
114340899
87615404
68525575
68525442
68525359
150877679
111491472
69094351
170605282
18424342
178540592
178540919
178538033
8821639
179403633
191821341
15303694
164596312
99100727
114380192
186448300
125777253
14981105
165807007
66824813
174307727
139149466
119668949
119669034
191821783
67687913
192519978
253229592
10992640
178956983
185940018
202559393
192582493
21309159
15066416
125779007
243052180
243052189
222664429
170490226
170490197
170490302
170490325
201153007
174603678
68116437
25420825
68510756
161040134
7278189
216936131
139143403
187183396
155390426
118139642
24268059
20917481
20955203
20882545
249887031
178540891
187862658
132130109
191821588
199637277
27584665
174603615
178279816
67269567
68677829
191822007
66828518
187863281
170444486
114380678
187863282
189076808
243025715
226893038
168096137
167953384
217696386
184134502
22379902
178953008
252868952
201152968
180323333
175175563
178952987
165846440
114340870
114340820
19268284
179575522
10782587
129876539
139142708
58154957
201152047
213494575
243025954
253232506
201153066
263032947
261988574
253712264
67693069
191821778
175835887
114340835
173030424
153934454
51474754
48412744
203464823
248715146
191822249
198129126
248715381
17946420
84872607
161307925
187860621
174603846
12732657
51476435
235879870
225972279
253627579
261803221
253671357
48527432
77768865
195677642
129666321
97843360
19531705
262884299
249155178
170490271
201150538
191822192
196286743
49271827
187865240
50942755
8820530
15304360
52421107
19267333
168005985
74880816
13939557
195435914
217695058
253411635
253063249
205977835
263406571
263408550
202492223
212036055
222601206
204926556
249888148
201151777
253309788
253311239
14519337
57325212
67693280
191822220
38441064
114340799
2852859
167152399
68822320
191822280
178593923
116776426
169568916
191821758
111704728
7552841
178279720
255306231
32231667
161308829
68657401
129575533
167993678
263316757
235879993
122902467
170490311
243052309
176792930
88769661
179930040
20644212
191821362
14517695
139150787
139145145
195798402
187863176
187863140
67693396
80341588
84819804
173460687
14946420
175839105
191822287
248272102
227413343
203468758
262503407
243025924
253265421
197618721
226915771
253265452
226941933
230023480
253706286
249886026
235880237
263045956
254078223
255079745
263061714
222664322
205977463
249155570
222665288
243052067
243052058
253063013
239139268
235879674
248943843
235879955
202559574
251588390
222604440
222601255
235880465
203195405
185759506
187864399
222562950
195435290
249886051
201151848
222590122
195435481
201153046
262065032
217696179
134429929
129499396
129498640
137031088
129495654
129494424
92019324
