196227010
203965705
252314148
257780596
253385755
263561045
213974632
202648624
200929590
197676520
195732677
197538383
199737953
201802356
192584222
207197025
192120475
204305109
195213596
208105610
198396391
198801192
200767354
207924276
203205501
201774390
204645670
188139758
186710482
202413920
201175932
201164541
201150278
145278768
129218341
90329423
143503572
174315554
191800827
206250108
208105880
152023405
186270731
128517310
171056676
81644243
138380958
111518921
173031980
202412371
132074478
111582921
120376752
188128437
162050741
181488793
184102473
181500440
188136883
191756496
197744363
184829276
186559230
186619333
181772167
186284827
197650509
185941296
188321066
187859728
186630355
104030195
185465474
101497194
113484398
197118032
130438506
144197419
79278160
173743706
235867570
173742994
173743230
196487088
198788159
161462576
93152161
107467358
106684519
111503221
196368661
106060223
106329822
143888022
157993335
98081026
168562511
144230268
181471875
202840337
185757043
208103792
185357674
185261409
184817151
187985256
179567931
179411011
188174357
188176232
186654831
191260637
199015292
191920222
197595094
201808085
193770363
197381955
179570699
179518755
207014083
181776299
181122438
188145987
192197030
192151834
193760973
162044766
144446100
111507346
189226587
129218439
173031361
173717092
118091558
139656180
124764907
98804775
249173548
11508311
212922294
87863577
110481550
160368931
127800261
173742956
252414568
173743777
235866181
252410500
173743171
173742780
173743806
173743762
110204086
173743615
193151549
191755612
179930153
100428968
105361832
110385385
112179655
96609804
186711142
193725883
185206198
195973140
198320411
195934216
184054591
195262122
160705710
195968282
108242718
115657588
52064589
195338766
167654417
188601595
210160716
189370137
198773220
192712918
196154135
202809354
195557234
201939674
197104223
204303531
201595302
199102905
186493864
208106218
188094007
195994778
201856216
204765301
189201394
195770264
196205076
192705743
195136686
198735550
196158350
200811093
201853819
196057626
202013446
208107869
201593296
198799864
207227547
199548000
198516806
186615259
185449821
186364110
185307322
185205616
198592282
203258379
201593126
198956275
195922923
198519382
199618110
200735945
198495876
197650655
202819274
204872123
219145560
262048868
242641786
181219976
253304547
249005222
199952741
203834944
247794036
250064228
188687927
189336477
203397322
190778044
249153102
198495691
198516482
200954470
204072120
192103401
195224500
205113805
205051666
195873904
188147889
186635348
186554744
195773705
202015969
197551394
197853162
199731404
200774665
207161074
204216874
198034991
207935133
207677138
205010214
199573047
204663564
188007777
187623023
188335797
196350344
192714184
188691574
197776192
197551698
201594266
167961275
58261615
49002995
217523357
10327519
40365257
174382843
201855332
21261603
90919381
36269112
201549281
65857490
14983614
14322104
174558672
14473629
191900085
2613265
169382318
36572094
14473595
154180630
205684696
902728
54859974
72670141
4585041
22935225
69665349
62754527
25304258
19400464
2159267
100424880
4584961
10051257
108262738
56255462
72670627
22877952
137164866
25306945
155689859
75629537
24044943
125946438
142211858
158788277
22507664
8146100
197193252
214799028
8700370
19841576
17010129
65070737
22030458
19365932
95249364
175435639
8164026
115576156
26667491
14243979
58295758
133232908
24026569
174933217
22508165
154180067
35499885
49002997
11314405
35498535
192810326
11503572
78044941
40362634
35524457
206292794
136364055
12414986
14111143
56812870
203477294
36569716
95759883
115959585
102156411
19585788
28601199
4586307
24069090
160830217
15099529
154234814
25305423
24020713
68292794
15366429
24047657
16239198
45814396
39000984
192947993
108214399
136678894
22014162
116646187
98907431
118775273
30030012
150385829
74416862
763982
44009421
206289469
13948044
57735111
174434547
27589594
73281130
74306401
166411431
14998285
116667493
202233329
80699171
172501281
176219769
104599797
24029179
106242448
176855015
58992109
8048674
70101454
1816619
14720643
107250905
176153142
11464976
10013559
58270196
19344855
25307649
3924865
10030128
21058847
166410461
10683904
150385860
74880989
22616437
35498615
170335617
24015228
24045421
160356618
24035698
46357185
74306251
137559548
174382771
8292771
3973337
44045478
117551579
161035257
13888355
25308185
74285101
48027955
36267720
26318814
137498552
164284657
115719867
110893005
58944675
203969498
84597743
117569483
116188328
15099462
46105601
196545698
59508932
11097922
129424182
22616383
11405389
157469365
38121241
35521201
22507214
16220935
69784575
7156441
16569865
17306747
201845579
87562171
15533180
19440713
78043760
22907029
39035523
90919313
20932752
49724991
155089694
175466356
111707924
197581641
69719841
69741518
8548760
99427357
147855103
56231951
35500082
167459401
22507656
144278042
35500363
37170312
83813367
73223936
35501445
59182823
22616147
22939224
24037486
137572183
68881743
14031474
22616153
121157790
23801211
20932657
16831194
208298035
10568060
66744209
119309176
136679128
14956003
22507700
82877750
199146680
84547049
148821600
184970373
79664537
35522544
78044252
24051735
99055835
136679153
11405393
111656540
52003160
21205374
181185204
11381993
48117130
20206251
25305752
111704886
4616179
201933367
214799047
226671232
136363717
25487902
49009244
10856372
22917947
25306498
27821053
58261372
56727202
35500276
111704874
198780104
32425991
35498188
22617300
127576225
167441913
90720317
23837984
46821108
35524035
14732688
23154961
63271291
155291282
192150886
5182879
208298087
25412818
22914706
10163049
22907112
22631801
19823406
59456642
25306153
13141678
170338332
109402923
24014996
56249863
22507274
199008709
208458845
2159207
20930655
22507453
35522949
7221515
125945950
168373390
106242734
153004005
98983749
48029843
73589521
203875554
136363754
131138574
22935142
19929829
10384622
50276236
25072299
74494834
22631798
8293928
3917805
54365629
22507768
16467092
21205803
114831445
34227284
150872901
24030262
108213082
199145912
50276386
9860512
14112916
206085349
217719898
66929306
11314337
18008334
37170473
22631891
35522533
20280691
153004880
20280677
78044025
167961113
2494125
41072390
51117528
84776078
162134222
149500291
184773729
114185905
22055496
49735703
111036766
90919398
178314617
196186872
7939327
3924947
117489735
22911168
87226312
18007195
38122799
46401202
20706495
16685732
169324398
100272582
35499987
15112305
24064665
50370513
14361448
19134313
43041524
214637403
10163210
10367914
24623552
194464822
20959908
20198295
20150427
14762185
209399125
68154652
44848315
24048798
137552544
150837714
13819109
24067902
179736238
185898344
48116960
20280725
20930876
195184099
24884988
116330584
72890810
106242023
91044862
48030213
