34572896
150936407
73212286
13461098
77183912
71961824
179882425
153877360
126022166
172318521
179885642
217505938
69211436
24747288
115661988
179555780
100869159
177976282
101291609
179882431
203471475
108141178
115831788
207382772
120575780
115831208
108142621
108454583
115831477
115768601
177557256
207386387
207384957
108142290
115830854
205525209
115726044
108456670
125240790
100419640
177977972
178467978
96301779
74285708
102697700
52533923
38379865
108141185
164160576
129374506
96129535
51853670
84761031
110006586
100869120
179879406
247060996
179879096
172316806
96304571
119245106
174508249
168514312
93231404
169828388
84761462
193641650
71021076
156216180
189634783
32863214
202330985
82859031
162904323
198531243
16697645
178780927
35787177
169452840
262066963
175799007
214064837
188380826
25407704
163937774
38164701
214005446
101870302
179694936
202034780
72685564
71962033
25421169
253003947
108142108
108142622
135901285
167931362
115768126
108142529
135898552
115831527
115768069
135901426
143511463
115768934
186907121
178954025
124934880
115840650
129407680
104532337
125237153
108141115
88818107
208107381
175800447
108142624
108141698
12102356
115768485
116298452
101060700
263082656
6662907
35374489
115831139
195443975
97048960
2001389
21979695
56105768
260940071
261970236
263628849
253285355
260940517
253410627
260956592
260956271
260940220
253285733
253285612
244114052
260957014
249942667
114742292
253410595
140614582
116415855
114465118
177164342
201437177
177164923
177164891
177165683
252264747
177165164
177165141
177165813
177165414
259551967
262913067
253285575
253285542
252264192
252262582
260940668
260940649
252264472
252262312
253285573
252265196
252263659
263450885
252265702
244114470
253285793
261832016
253285326
260940065
263492190
253285764
253285512
129423643
129646566
172978986
47970679
254145984
263051205
249998164
248179537
252157601
253500544
253556890
206665361
136008618
195464763
253664162
262047371
212212342
202785364
248732983
203803321
215389032
204820874
193110496
130022964
193638214
172830131
201532281
202785233
202785772
202785819
202784785
262724235
252913487
149500181
215389001
174506070
230125939
253568024
260815329
217506442
252759383
262598467
253492958
195464802
205978066
198448059
248356425
212214019
249000251
253164021
247448429
197976727
239827647
254077700
207802199
173252525
262796298
187807595
262043634
118116837
125779810
217411032
204820912
249892215
176582773
258858385
251021240
252911536
252911716
189175965
252758148
248676147
262730525
262843713
252912320
263498418
249664125
165961767
253164871
248411877
263276597
252091215
244169236
172495266
203965397
136024841
247921335
262795983
263308684
248676074
263646799
253075230
213498943
136751934
208281689
208398841
263648789
50360163
216265970
188683384
252612400
253073954
179748601
262718459
195465048
195465110
202525910
193370660
