73227917
248495205
247858246
156118804
203462430
193980604
67332495
248653892
178008288
96661176
253329100
199201251
205709229
103118406
96177586
195341406
102550091
16381287
92168101
137599733
217104740
197650858
57903213
176696128
153264757
120294862
116256836
185762266
250109535
166081180
160906764
199177627
196597924
183702396
71505973
96220546
195522975
195103374
42400831
152529208
206502452
214662459
15418134
137599455
230202569
206794636
113484825
124276581
69248654
21422985
140141209
68063759
183369750
249660467
197652772
181779270
143378994
252726769
128790336
195301465
562918
166119185
15444258
161231843
11477268
248342565
178595457
102734398
25484832
27886686
249006182
50469108
76184310
252635393
202957319
204984999
208013013
198536915
72314515
192305843
128790180
98357529
75582126
195792043
112087324
111410834
188636243
194486698
84934421
195521035
99838366
198735363
59441438
163928043
142312794
137739167
104102646
129734535
226782666
80878157
197651639
192732002
253361971
261824987
129859765
155116318
202340484
249395730
212564010
164438240
198294756
248653811
199051204
59200484
15445190
51336577
100427324
219138616
81671670
97846401
185929428
195233157
159863502
143356877
56598866
251930351
99389036
97685645
170581183
174650493
254896475
58444825
201815993
252678582
58534765
72516760
162162960
162815784
37941267
68100966
54550286
103855469
70626490
97691619
77680664
55144260
123949260
201693749
169905799
193702675
161634248
13524698
217549717
128793060
161212078
173879291
128876344
188043675
198734661
170735347
163927819
253384231
104107996
153873347
197651056
166093677
15087171
2137937
207775562
129606319
253285157
51336961
14506318
193142160
120396838
57652857
194122866
118526228
206330723
88231301
197542916
248342509
66461696
180255274
4701185
197735312
143410630
76406136
230087130
187232536
242695945
381695
118285203
155760052
183068268
91547428
150984659
165854512
131192989
17456628
205533326
67313606
55522730
252185812
249206388
31142176
142473579
193512877
58188581
70626543
85138515
195130529
199247228
52418508
97682445
199262683
248358953
46776199
70544386
249016919
516052
153076175
51337072
107475220
173883370
173878725
102734684
248561141
248342540
249645957
248342460
81613344
106059614
117213369
10366490
7673052
171592719
253332055
253134384
189189040
163148876
204285397
66106543
104898116
204005270
80124088
184904844
258369189
107993735
186349422
175470520
138617973
201817213
249393530
205709691
217103266
230086661
187091124
162825176
193980602
230086891
116962801
74537032
96111364
203175319
230083494
45092019
244133694
90982194
69461888
150931892
204342673
240474770
130333607
172835485
118285276
48038682
77680938
15536845
155763348
74385662
94582383
53777392
97684173
110996361
53973692
53973594
52262604
193895934
173176475
248342587
252355485
180290790
195993067
195874310
195861445
201670053
59410582
217765988
44800329
137599382
217359239
249006404
90922651
70443817
252893397
208170462
217089340
143377359
97494874
194788820
194788746
10369273
191689791
116721664
161409121
253101198
87652187
16386508
252009346
199668778
173878545
107457844
167658239
248939199
126035410
13524718
43148567
114946729
89295236
199681547
212470660
163888925
2166849
90110368
183939152
258668159
230087037
142124634
259536728
193747751
242721369
135832419
122408579
46159023
224101877
69436519
140983761
196026378
199254537
183513251
98174265
81370898
150963762
92662585
193615845
130438167
192290877
183313587
67398494
68629838
200787582
246162580
137599589
121972966
52590458
26304296
262701040
55697882
51301894
43784540
106732070
141990432
169330215
196808750
15944446
134369529
10365420
262067780
224549429
166081350
198866327
206501242
174586729
258670389
207190536
243059460
70781161
230016305
252662633
195820973
54080141
67982224
66618312
75636728
102481058
47863185
94585205
43811692
118285153
646599
81012610
84939420
101365872
201523875
67199892
248610930
128788102
123357643
102734736
23826495
25939099
173665552
196897357
181902933
217198939
262021882
189702113
67987552
185994886
106053777
102888074
258667102
253098075
74741192
81466970
42925801
176289428
46680447
134364228
185655473
74441380
3236093
248244063
200004594
129574673
213564940
73850700
115884591
98224948
211961273
212038450
3140499
3140505
969024
521430
6478671
200004655
97840262
195254847
204005367
50274189
186863325
8348311
55486530
73851380
3140501
200004542
182556387
520148
200653002
228990571
28280616
20339745
242667275
47495729
97534713
107985164
214917053
249461032
200646601
8343507
137255107
58862518
43716293
228988139
189661227
3140523
57507423
521402
36753212
186738396
200634120
73851234
11728641
212040713
53400388
3232879
20730430
200004843
12059716
213498173
229808705
205986780
204404772
6339325
204873791
195635764
244168219
214603689
142708688
913858
747852
173474721
521401
204876459
540570
38541959
35204326
11903710
175425804
173410368
214917021
229698424
258369201
3211405
36748949
146634515
1276791
36750895
21365908
6278439
3140507
521431
262825752
35200694
2498737
27663795
163708998
36841753
94483583
35204328
213573818
204877299
49870856
242652384
205884134
21365902
20730446
43718202
20373515
739730
205510387
11725875
180340953
19283417
139275589
11903734
540560
179749590
177315430
165756694
177312792
3140525
544675
521433
2500195
195624134
521403
2499461
177308409
175426049
91529611
142709411
113082689
177318681
258368858
258369087
262872326
262877326
262871380
262877323
262877455
186712049
262503625
262801686
262982828
204339748
197900223
26486275
243097538
243051073
207908637
168462882
222676614
169396822
189674928
106756815
1535705
161241994
214067524
210978080
38540385
42180717
374810
190791213
115992865
188566306
217740569
35861897
45811456
68441477
90165062
99846476
117004690
253384245
35181164
163170723
186120229
58119369
205497400
198734644
135350132
214016571
54789129
194124697
249054799
217740545
177312008
24594897
52402055
257538128
214012051
204309184
199572514
217386123
149146206
248906499
113899296
205499128
47994714
35861895
77718599
374806
637863
170823220
186349365
169915305
197870171
170262623
125358488
217327141
58865423
143492954
199572298
202183639
202514671
176897122
251442312
125744335
201669295
186433373
178515112
188561623
144443983
80879122
247838018
188576396
196047624
212220026
199950937
150826883
172378018
113337253
58864724
75485575
201383317
197627327
199639418
198648714
205926858
86515288
142348705
113500810
188544647
160377357
188544218
184628135
184696338
169342159
120461557
95064261
249354147
214141348
94784583
214144676
58558092
95063480
90460887
111548455
146649593
199637643
249296462
161940923
38230712
130083414
113500326
118689737
146728660
165668049
147366308
58716137
84453037
214146637
109088367
192551632
201384903
217509746
214067592
146699133
210276165
72313496
173553137
214145943
58119367
139478709
194125006
184301594
35964301
114831374
160622228
130813674
251417970
638210
186208167
97455666
14078166
191371004
120812602
150827008
246979289
98051386
14216080
201698796
174627261
1749093
206781433
21059144
204421003
204825740
66124754
261800531
214140510
176289497
90168265
147366312
146663528
188568524
194793797
47971599
79239969
159822061
159395621
121607725
101613916
246979304
101940173
147366310
52786854
28350844
208327840
54054823
73630543
176289416
206241610
194796111
101972521
247411187
48330795
199640053
210283870
249934565
134657894
180973209
120829351
177477697
248904730
261809992
255413772
7989260
167951295
135578682
176485600
55439610
162526795
212468248
199646531
208078391
155761120
45859567
186394890
66631483
143498816
105628936
51730783
74341533
186318538
181982382
2804889
98122101
199573033
206561068
74541194
216104491
94346971
120766894
23198860
194124855
55645745
181908511
51061433
212462242
186646842
106578408
148720986
188545528
95063775
21741528
176289465
214067145
194124550
206762538
190792838
171545819
188576895
201518218
176718340
