262456196
249221085
263561074
235867413
242719321
242719426
242719260
262456218
171116196
262456174
248434406
176907741
242719394
255310966
262456220
252386217
263276728
262456181
201133612
262456163
263561631
249767545
199122523
242719466
195465014
195464736
27659578
242719474
139143731
195465155
255302441
176907569
206204719
248764030
199268671
27658272
252915920
79906254
262456217
217169856
112956939
213868517
212920989
242719492
242719536
214610730
249289479
242719535
197688193
132079083
139179729
140785163
136138072
129942107
129945307
132080089
140638669
129943675
129943443
129945087
129942401
208293376
9810300
209129338
257847568
133815475
207772514
201855409
253411512
249203704
243027042
140778130
140777151
140776731
140785279
140787031
140777920
158756663
140785030
208376076
208220870
193708272
199641852
111755359
72741715
178466926
201970243
180987105
69882929
74166769
86256043
37906001
86256521
110183628
106195790
110183953
112781081
182139464
69691104
113235003
247796549
204745991
105522490
208616338
98039913
196044807
57344336
261943016
129944625
65105750
205173055
127013864
243029128
140783672
140783685
257857931
125362448
262022702
140786675
214216466
176063452
252262869
73486940
176071408
208473575
248497042
186756330
193054425
106310573
155326514
36398438
68683279
135268841
55504193
110184308
41660605
170132118
177747238
73821274
98039829
67782174
208622963
195879289
195971605
75330767
208289641
167957521
200521073
225937134
160552943
23098327
129942919
263069244
165245197
164588186
74341746
257787723
212943573
209912324
253226843
198788342
21146762
140789646
140785403
140790193
53301453
6288461
140782872
257857933
263453032
140784209
108930075
44887595
37907667
132078968
189539191
50968135
98611666
4452585
110183361
203984331
171890572
68136155
4213057
211946055
86257609
153064749
171971501
112857368
104616798
201978388
84936307
105522340
198794319
207296385
6997921
129943155
196018473
178954208
222690497
193735799
80706278
77280633
150567223
212264616
253411826
180854861
149780761
140783990
140787164
140785788
140776640
176219590
140778910
140783107
127014236
193702216
262521798
127379476
176217213
43117536
152347777
106315643
31587030
184521801
2879251
110184112
116518673
113927534
110183902
79855165
76109447
110183451
123841677
54852390
110007052
44094648
139830486
52587112
145456216
208747376
32943457
212606856
129945149
196319309
174296200
172628596
204071404
98612317
76306494
208591311
71177766
251438565
106208549
192290689
156300159
190843892
225934568
105045533
72119559
161968657
249203486
140783517
140778853
243030330
76198770
244303013
208449881
251576604
251576528
196013420
153580992
207342635
127380104
110447473
100420247
184126321
203984419
192143786
34919281
16448984
141060364
177560263
192123114
152347395
37912789
140784396
14762833
77969113
235411002
198300820
215089296
215010674
203875562
173627813
133816494
140777043
211945827
99692644
196022936
129944142
157063126
212250234
210437085
215908549
191592567
211946200
174505058
71972788
216216789
110183305
208168558
198334890
129942758
202151723
173629607
197144801
179792035
199021951
206228696
140788264
140781032
140784341
140782457
140781825
205478872
70309520
204052400
183369777
129944900
129943002
129944024
129942808
199127397
199049613
95881121
95881731
57115590
215013817
210437488
197656608
222716083
203853159
167425047
198321124
161979279
179945878
162151324
191828835
140781426
140786877
140783750
140779253
140779161
217412726
263402041
211945631
211945991
166389140
43114359
129944020
98145929
98147625
42899678
262597756
145756729
133813074
197667736
161842738
215540889
140786115
140787925
140782251
140789030
140784734
202242350
140781226
170120462
191592730
211945559
211945459
90299258
123840735
208571180
123842206
179877506
230041906
189557811
129943110
162152183
202243776
202072734
191914725
214162957
215013780
173630815
214096915
193310225
193315731
191829810
140788943
140784306
140785667
140785807
179796984
133810092
211945787
211946146
211945882
123840912
91489105
204338031
104521374
220678497
104529812
175415164
77968672
214103318
207774074
222716077
140789532
140789986
140777316
140783679
140777820
140785076
140785221
140780329
140784280
94456517
140783209
262516399
263276302
263489414
261942632
263492418
263576153
263514117
255368249
263594903
263575939
263276266
263276562
262600465
263560791
263568285
263492637
255317309
261957753
98141415
263276564
263489521
263514793
263490330
201112890
201112823
263575720
263576056
