217773425
261973211
261999661
263276685
263276377
263492470
263569737
200803955
263589404
263589056
222677222
215910684
252060142
243029609
263600190
263626409
263626040
263583564
261973267
263276640
262124813
201508679
263563794
263580599
212976842
263595035
263599611
263594317
263594283
252265763
263589139
252266758
262005353
261988647
261113783
261113171
202785146
263041072
192063695
262405854
140422079
145248486
130069397
128912920
116821349
116820719
135848046
136137212
129806705
102546362
97451043
120048605
136923267
87128567
49090172
49554422
72752386
251576205
177778007
55389422
55472488
108256307
90356196
77444891
111669699
110008488
73657098
85256371
71664267
173617339
109787786
55473811
87106107
73266907
73198408
71538904
253245230
248866540
129734328
22095305
73508262
97585675
116296011
115261195
90284683
77058260
208418662
120049094
155251378
197346900
252948360
196521777
97846869
193684036
72759162
197730438
176543930
178111149
100869710
95854971
189216576
115548903
115660313
55471191
111666828
208106685
43158755
97685686
97681171
197341029
149689318
252263837
247925810
74683829
73639064
170442737
44887615
90352412
100869253
125270254
129873902
108141437
129739960
98080029
158398773
15267619
99238404
181362718
126711692
7384809
177743820
155201932
32901709
2022259
253357381
81614847
100870223
84580260
196153866
170742472
120705618
111984022
248093046
108142806
132082105
77090354
158389397
257916297
100097295
102631033
94485779
98003393
197637329
191296701
152694994
81615441
115667219
164023949
56246417
167058024
189173108
177777840
164041630
196287581
88818393
98082785
72136586
108141253
88818242
115831898
144614692
196525504
261813045
261812873
262680632
196318768
196443255
262680672
262680091
263590035
262679834
262680935
262680466
262680086
262680360
197735297
252066090
250086609
261813507
195445351
262680428
262680729
262568804
262568886
262521810
262680329
250875395
261813253
202338061
262679789
252263060
263583162
247841887
202034839
248956483
262857048
203466610
262504762
196288009
262680522
263494511
262569088
262568696
262901656
250087800
248834537
248840929
248956867
253409159
261813373
197607666
262520909
262520096
252262931
262680744
261812364
252892731
195946885
207755636
260406692
198918946
253407785
262680982
262680535
262680273
135898346
129407619
98055362
6394745
97709803
170069119
107907456
2020949
120049147
97585593
97585652
97579725
97552302
97860597
98153223
97541395
98152637
161465023
2022175
55144821
203469139
10050415
48276751
98566173
6398495
94485373
178466506
110266159
132079727
108928103
115712645
12488673
178467426
173690922
32533882
192546261
173683426
38377915
75760226
172318349
144614774
208120426
148807878
179878898
179877595
179883097
172317632
184240189
195462032
155388194
156214474
90352289
164023637
144541604
202034905
248848831
125159939
124934923
207508136
175797906
186909792
125158140
115831987
115832046
135840032
248837912
115726144
115830656
108141219
115726023
135840037
97585673
186878089
103906636
21681049
4535397
203468355
41099646
97769120
98046523
103774589
97546069
97553381
2001627
165597971
174631765
174631841
174631772
203432897
203467621
103559412
13984971
8000229
8000659
98355910
147924200
203391261
94485107
98009231
37864861
1589759
84761941
164023916
110171169
71369907
197729626
76033297
179885350
172318489
144543442
179884938
177980156
3712271
93066683
72659030
178466784
100770328
172485717
120386363
153416316
36666149
38109395
49320645
173683440
179937136
44151011
217426310
31231255
77183921
67706348
186878195
48572822
24948755
25049949
178954459
115840834
108141506
108457329
35701341
206712068
207508519
193078075
125273447
186878130
108457211
144537967
97758162
120048644
2022633
120049538
202292314
56109882
198589409
7378429
15294511
10040006
7378753
153262629
203472197
72213831
98002393
206265937
1591873
192139003
98373754
125740274
125285193
192896478
48275003
103689687
174631618
72214355
173636591
88821197
111993472
97585634
124328939
125159378
125159862
116296448
98119938
84209998
2022203
120049585
120048673
74363872
165597785
165596291
174631834
48290882
191298905
97990747
107971481
203469026
6397663
49556053
55482698
37292851
193641936
188379344
250875454
144614656
148808210
119718694
55485343
44344697
55332910
208120307
179881617
179878398
177976253
66569156
208120440
208120193
36275909
177699765
100184282
13799402
174506488
96272452
205478939
115831661
