193888829
747581
91111598
91112499
122199019
70209731
68531534
77765575
91113893
91106467
92469908
13452440
77624702
52376452
180598199
68417770
182783135
164814778
202345788
72010202
96312557
72040335
242993669
200676322
199515148
14884025
179793761
92470847
68529672
58977384
203179421
4403269
179793758
4403279
4403273
59432631
201122284
96132032
88065559
70209773
66617978
10683681
70242523
182463907
191421493
140440071
144403816
191144333
206140985
53524108
56874530
133865955
24470599
57964763
249940804
146489670
59548726
200559638
194810839
194810804
194811650
44865925
147750675
31643613
171745750
11281447
50377499
222683107
14499645
116042701
134625918
100886189
116042352
174238831
14499685
215559220
213858719
10677580
45711112
89459848
116044174
116043565
127666376
127665328
49957006
191647579
206698360
137117260
44714618
119926237
84446210
119926252
149234714
112054837
208756703
4989939
188650085
163872213
108899330
192909435
127666333
203843047
5149055
97769844
193889125
97770252
121106785
217577837
127666828
121107143
97769492
121179620
247245747
208756689
108898771
4751565
182848834
97770493
108899459
119926760
97770647
252394860
252394866
191644811
108900020
108898818
151800804
97770355
252395703
149764383
127665897
157134056
127667248
97770569
56624278
108899460
123753479
119926149
163872289
97770181
9950759
153634187
184945147
121107038
119925971
26287966
121107207
36860822
179175568
108900300
167548829
176056859
128801388
75634695
108898635
191647918
34483308
191640185
242719045
172704855
181776830
144234510
208750796
208757152
97769520
204987059
108898620
121106812
163872432
110165150
208754375
208756666
127665312
97769386
181776909
119925868
127666746
137117263
149488133
178321029
108899998
108897842
108897699
137117308
150072598
217577759
163297823
127665101
119925819
40574033
40579706
115270627
174605436
252395399
72634847
167548953
217577637
100411406
127665849
9828367
144547805
108900614
127665622
6504475
191642840
217577554
145237294
44714555
208752119
248074110
72518627
97948039
26343462
9436520
186692221
172704732
97770509
212049080
56624092
97770531
162157160
119926469
174397462
97948872
42844802
44882872
208756120
208760616
208757509
126229411
97770481
108899275
119925834
191640211
101239148
147717360
103031089
6504579
82761760
179175274
127667404
110595546
72518714
145236411
97949632
7362997
44875949
134757808
144234561
14801505
193889256
72635710
191642498
108900239
117184467
121179627
97769656
193281314
121107202
7548275
153634185
127665771
191646581
127667168
137865042
119926144
108898761
55350673
44877734
121107027
127667099
208750122
40566931
81986118
44714576
163872711
163872764
72518577
9950771
191638273
123753164
119926159
191639721
108900545
208755128
107615937
50261674
119926121
121107220
108899885
97769855
48330533
108897214
191647024
145236548
167964878
44936362
172680850
97946586
119926202
101747985
37420537
119926267
212048747
191648493
191647009
192909522
97947879
121179635
20113547
140511785
119926493
167548853
157133667
119926475
31625902
204986921
191648119
127667529
108899783
170139666
108899990
127664931
97769402
160830517
163872498
163872249
157147764
97770960
97770007
121179637
44877672
108897448
108900418
191515144
167548729
167963068
97950880
208757659
4613555
131498483
55958612
144234525
136204472
119926853
9436542
123753393
5354047
184945032
137117262
137117267
121179642
121179629
191641409
119926754
119925870
145237029
178957929
44714400
9950689
22487514
208750769
108898957
108898548
119926756
172705230
171763974
9799059
198984180
111115004
145236653
76797786
44913374
117184475
97770492
140512053
101236748
55765471
97947181
119926326
119926819
119926674
108898968
119926019
15217546
172529101
208751804
208752854
119926352
108900282
125255818
191646266
121107006
121107148
170139555
127665626
97770740
119926387
191642402
191642191
123606859
56624037
127665373
157147680
108899938
115270665
163872485
157148043
134363750
108898838
214068645
117184495
9667812
208760730
208755538
107618225
194109893
167548935
107617439
119925824
9436568
108897792
108898835
119926435
186692258
108898538
127665365
97770160
121107289
196375029
134390789
191640058
82758182
108898384
108898753
127666962
125355142
172704287
191639733
80704103
107449852
145237108
97947425
108900372
252395190
193889201
208751710
119926794
63241551
181776776
138813917
9436531
108899085
144234559
108898159
149519086
121107211
193900737
108899225
119926551
16755923
127667273
55782725
115254660
191645672
9436518
119926228
103030905
172705375
121106863
108898826
44714453
76834217
35476045
208754852
208759264
208752121
9436548
50261706
55784091
55762354
117184362
119925936
14352561
6504583
121179678
157147430
191639018
127667260
167548806
49734398
108898596
127666764
9436608
127665344
121106964
119926380
127667386
191647499
119925814
123753023
97770849
140569472
108899242
121107066
191639275
97769350
119926619
31623167
9436603
127665267
97770200
172703793
173202598
108897884
72518946
97770472
108900059
186078838
191647655
108897970
191641943
127667172
127666261
145236888
145237109
21373295
169314076
181668615
248352130
8546540
108900191
144234528
21921691
76797293
193889317
193889158
249945106
208751186
208755620
72703011
208754772
208760059
249849081
208752843
208755665
191648043
107616439
108899303
119926350
134921889
127666717
136203782
108898932
9436613
117184218
127665072
82760110
191648020
108898009
111114967
63438272
119925848
121106918
53505379
108900670
144234472
145237783
108899933
49964886
127667183
4598437
55938275
153634182
144234518
97769352
73759501
97946920
108899519
242719086
138813845
108898981
123753039
97770242
119925963
191641642
97770195
184341052
127666201
127666068
108020283
80387956
145237143
145236266
145237733
153634206
145236817
97952099
26470905
31288300
194026976
6896803
