199034493
181253180
109068808
171890653
167924575
186559333
186202031
85239198
79796391
152183363
104360769
252427893
207861141
49381428
192692801
191822438
198996912
205101956
175183188
205798560
253198001
173742837
136142857
157044190
70839832
19793484
210438326
196048212
198230156
185963210
192657272
167461875
162149714
1535135
196480551
114685219
205922318
122273817
97909976
117675909
81644946
160705662
34575468
187621689
192128129
129646386
188031527
254077535
173743690
108465011
104361369
110458959
162149114
187622470
188173344
188695919
200936264
189226636
79919152
123241935
200915773
197856654
173525216
127020037
173743895
114686706
110308746
100447843
119664440
107007693
105608277
198102380
199650121
132696541
114678067
179565173
135509940
98087706
206860035
104637583
196853776
103074110
192290698
181500655
186303995
193002941
181692679
184880509
159495900
192289360
171056585
194420427
98574961
181693780
170962986
196896933
160705731
188695329
180593087
138459082
168060923
92918483
173031464
114671403
104615071
207941877
192364708
128252791
173742912
127802803
98870840
198424731
183727805
192289449
101488057
248781924
52342491
252908157
171538083
252456346
192290740
162149466
183378553
192262059
198481559
197635969
200917294
210428970
199103537
173743575
107494221
197104903
192290809
25202400
207034842
185966971
181122609
182821924
191490160
116727744
142699922
162149588
129218102
180595171
198582914
179567862
201146311
160836683
130324338
196857440
188209400
120463630
173743732
179592693
172192903
164721766
134709945
117599239
90476336
161308377
200841389
181777305
192587003
198639230
195666791
229981959
225912293
192289483
192289609
197098941
137529088
15295423
179570579
107491376
54400491
191290878
181693612
111536259
164021968
194116054
26360969
134709835
141901034
188031292
181895521
189369773
201630639
181253245
186559012
185347009
192172197
190807857
181774627
181223592
180576859
192419932
199144726
173743908
252320725
59567031
107494989
110308503
105398945
114574288
129218173
172438832
210156472
198773461
179555692
185977584
185124034
199909868
196050844
179531260
130175106
196545049
189231351
201146346
111085926
51518040
181252855
203866596
188031902
124273189
160432486
210161360
185335023
195924657
198426063
195210565
197735379
202233268
160705686
127010947
51693976
107780605
51474735
221849964
90870387
125623065
130414715
112130287
129647380
15295921
173743705
173743285
173743781
128914091
136142639
54441580
106106619
196895765
113788287
109364881
181184656
197650887
192693291
198696700
197620906
192289529
189468538
79887032
188746591
188279482
193716556
185903871
101219287
210156903
113886855
171693204
105117602
170856621
146365187
61353912
96301209
106581686
169641330
117206961
178514902
184649490
127010607
190824475
192694699
192134831
186710966
185909006
186314038
188321316
111490778
14717614
169641318
165206793
210283204
132780393
196223732
217776265
202242152
53558163
103326128
109485025
173743382
173743937
173743324
191309096
49381432
103883649
196857809
100279932
191504235
52406999
188031970
114686718
120500424
145277452
105650068
98290902
128591400
98087036
185520172
171056578
127802971
76001379
192693760
185097038
185244731
184830562
185762175
192649958
201941603
195202618
205685598
199549265
181487965
186634291
180592715
188321765
184829529
186496956
188371502
188731904
188692091
193186356
179569808
181379310
181502099
186191551
198286620
190794867
196015118
186459950
186457216
182842603
195511412
190806771
196174855
143504500
200841358
169463114
168277577
115204284
98291407
145847205
169641328
165037168
87832017
116727743
102625730
192431828
188576731
250064114
197380413
207558804
196147408
181237236
180931769
195970605
194415057
204282143
205576529
181122137
181237022
186708890
180590619
189157428
172842373
102120764
119664413
150983045
180224202
200738620
202329647
113905914
167924772
195823157
177744843
95335659
150983679
247296439
116727745
98333063
197095791
130412969
158610948
173743801
173743409
252341159
176456770
173743076
173743676
106242784
95335687
198102379
106682933
102400000
106111999
81296477
116727751
132780791
141472971
134550314
192643884
151501616
88916903
169694199
104446996
184800147
186494838
186202988
186348631
15296261
198379847
148965549
147865674
129218363
160431938
188716655
190759495
180591052
192704850
195744706
135054137
168213439
140127192
116381182
195619968
127010892
189124228
195341671
116903982
90737500
114788510
111287171
136678795
181500272
184828163
190808096
188112917
142090962
104034048
140125816
192419827
105153349
52111214
98598334
143520136
186318604
192340108
197675397
195748331
191930895
103475342
28926144
121493621
196559788
116048578
109776328
126700500
94136958
188692205
191283153
190782729
189171159
196977072
184830310
184830251
204090393
201390273
193710490
197635259
181780247
207172142
184767946
186501924
185339120
191072286
192577061
198996594
184773288
179569731
185947726
192332973
188513795
198341186
198773568
190876590
191489390
205163216
185944404
185543459
188134913
102086121
165661445
116100609
201926476
144477045
175685471
25683931
169244957
221846595
210156453
193699977
254088042
180365670
173742937
164021934
217641367
173743119
252304933
173742781
217776387
126518607
106379240
107325419
97818489
103101854
98280780
79356674
198198444
150213702
118119441
177589794
114288800
112641626
213703450
247448169
170177758
253248952
196515925
204374631
203762085
203507250
208026894
186632800
187853199
197858065
188719460
195926658
197852373
197972392
199638335
199912905
190864914
197648957
198799246
199615279
204332623
186636338
187636951
189140507
189165012
195357933
199631480
195530978
204205231
204304740
195543945
208105331
200820352
201763748
182107767
203423168
197601545
198721904
187853453
188058140
221838976
252825321
200947455
210281633
205262434
210157470
207861476
254132256
191801228
196155609
195656775
198301099
201572198
201968717
202763284
186618075
195440339
196906567
205059980
200911704
184814357
186951160
186142554
187622841
190824339
189192680
203910909
195332782
207222553
186359759
188096462
185809389
207934416
210435593
202412946
202412001
199103227
263041880
263065682
152519769
252352065
200774877
210282354
199103391
176582482
225923809
253045554
235870279
201149786
196523181
