56544979
20552396
230038155
252637284
227037309
225924315
252299384
203967120
248619948
42891656
109487625
51039720
79378430
97361959
173187940
210745579
208526586
164057602
19698330
31513858
31882226
22155240
44833547
50299290
14129810
54719242
177280832
191373361
194960664
77650579
59412034
93871194
171760607
171780666
158595189
68326818
116874440
6474469
116874400
42884729
139192220
169194442
68842374
48722214
113039487
212922125
76461951
171940485
147917219
105178237
69335254
102796649
99699893
20779924
17490941
27578047
23394619
28252431
87961007
105657625
173487611
68828509
123568529
29882852
48309730
44216225
115819312
155804101
209644359
31513909
177889578
72584985
32864419
171941192
155804496
155804433
50745474
26293371
155804444
84783714
84876856
78907329
99193006
84982812
51062612
140652216
47147075
49995616
52587047
72886114
51971479
58950835
50067338
83685255
53389178
7947829
3777045
170831611
163138558
77638455
155532861
173295292
77639331
14950314
45018470
77639438
139140532
72908421
83471577
89501731
180396446
95510872
66608521
166073897
29354564
116874281
94106855
75709775
212943001
6274347
25203319
155803430
133781896
44328997
8063929
206235437
196215149
100760792
109575137
100034156
116874356
118573753
23296762
49309297
126519513
134735307
102517539
150928769
127834799
116874223
42879032
99178096
58211152
66114698
6243265
112301863
3777037
37264881
144196744
47217802
75440278
20260711
50273900
109525571
159965641
52311812
3646001
16966227
82106993
170398852
78914655
87915015
45468613
52316696
70155429
189588225
248546304
75696981
89602935
210746082
6474473
6474485
157694322
96512982
47238888
52889640
170832212
155533172
48316352
82916131
8064129
178593193
3646003
89593477
75663659
27531908
24043954
8063942
84878733
43753579
29348662
27579113
5511113
6474505
171942221
84783344
144407275
52170193
77639874
74957312
172348084
163702738
168896125
83685659
151693867
137013098
252036495
6130025
249093135
249467922
261027028
253101522
262600130
189630854
262747017
252763674
205883504
205883511
47230352
221512351
27858875
15993312
119111382
118712040
5511117
155804043
171941077
47161041
26501652
29269769
21916220
33337364
48630829
35354722
262651231
20833311
80395061
132042300
208220377
205883591
50358506
175901723
6130397
115547420
71153521
85096217
10984355
132195396
3645999
17032713
92090701
28290390
84777738
50185110
8965218
171941437
29354560
126038154
58174792
136835523
144023299
155803283
58175681
136006375
202339830
253306776
82107218
189946408
21074974
84567743
52798615
48226786
88776527
133766420
22622198
168547988
133872494
84875956
89225332
105186609
26498642
10169045
198975761
8142617
31876971
263032331
253306791
221249429
207255077
243097901
169047659
170404355
221253356
178480790
6474509
262505892
253306797
31507304
3103527
165938907
206235415
3162135
6243089
210423572
126028391
75701612
149658385
116412265
6474477
126530024
6130359
116874279
84876066
169736998
39371806
111588741
3186971
76167949
50358499
48722049
75413051
20028284
147800082
7941516
54643865
50455921
44604043
20713734
58230307
26494264
73507165
137168991
144461826
72007400
22100046
3645997
6243199
77720316
14702158
160607590
80972968
90111490
45468177
29348664
156657866
194468327
151696899
59242350
72885730
29348655
52614272
44196029
90710405
20423797
6130379
116874330
151576065
7845076
134402757
143378673
6130047
116874334
136873747
212922508
247799453
6130367
113479646
118487998
150851513
138823524
6474497
75302589
3777053
31115760
125913879
252859971
181802036
52170191
149403944
198222034
26530313
26493327
166533367
9723411
116409347
139564428
155249221
140919334
3777051
109575068
116874418
217159025
14929430
105662334
14948516
194954476
83471410
99845734
77451683
29348660
164555461
14701929
150851697
155804002
89959766
206235467
109574764
89623484
15589293
155532675
77156796
155533351
171057376
94597866
70155644
149519387
155804452
114501539
172325826
148967234
72581880
89963550
89053769
143009760
8063919
32928295
200528408
31644007
132026528
75542925
116874417
6474513
91836037
121414320
84877295
100760632
25747385
59234330
77154093
23524727
47240495
3646011
10456474
53483647
29348653
49993557
52191482
110696320
57892906
180396197
162166990
11512576
208306354
45015835
35345819
30167025
83787513
76462131
9995866
73274048
116414066
87523538
136616766
144192766
11429193
24042422
252036524
247865460
242153700
205883514
221238208
193886846
39838778
13577187
171935217
162173961
26341185
58441924
222329346
205899652
