64859023
83923073
85905504
167962155
146255082
77197342
128282137
57429063
84159430
151423349
98640627
135288162
109329735
177713060
120278943
118116322
69165485
133831035
122344167
189972263
178316186
94156422
139493408
42278308
247263919
76798320
10144428
177082434
106174316
5971783
207914052
130081130
153806565
150838079
134335932
77720931
79640159
138899382
87011575
77227091
122087689
51061121
87676377
138870713
80697641
157142952
190467277
71558092
101861842
191506726
86009306
64976839
194834209
247263847
131511194
111992665
160586130
37969424
101907864
101280325
144333557
119205788
253108553
102047679
2500981
102039725
161412270
208678187
96311964
182834147
157125347
101748060
105712037
115827674
81452043
91421289
20093559
83616923
119926759
108075071
72646109
172275227
80737747
199108584
95138037
82761964
173954688
91194319
152923733
162132988
174272318
138898330
84159027
148007415
35733345
140329351
136786886
121797629
89653263
33330180
242751204
159907402
50553102
50778356
32563852
172801794
202772883
122087140
67997638
150770843
115884465
140422512
106579010
167965873
157559194
126920338
171566422
170181496
115254605
78513080
119447200
54094808
109765402
80240341
77707699
12783905
58685669
172364883
215557448
252566017
219158265
68832857
116373640
91195408
98640981
165680804
196184431
71880274
116391152
99515590
166159634
131172562
114292492
72101718
69192075
104035572
121979786
101281041
191410163
253043089
186229606
164582319
76270842
83618413
157178958
197776005
181780113
106794929
133832174
195772854
122087386
74558134
173125715
155463259
242484008
203083502
86868462
197644869
73179336
58284210
73329452
138603431
191422100
102466926
92382575
213887665
174827180
66107728
196180024
188635667
75486565
208633950
207390291
143113003
68066517
211966257
92364704
207710663
78513102
148682393
13374852
114903508
161211389
21915616
13354995
74182710
92995044
117200501
32677982
122302252
161211814
59300229
74530868
192568301
189630994
123435054
133879166
204069579
152104760
4331507
164536080
106654230
121649065
78985737
56013456
142246622
72593861
191929627
155809589
208772532
173020067
148680312
195474340
26703782
32974290
15131903
122089917
145092613
195986288
164478577
73574197
138382991
198436793
108412515
190573382
122302556
138870904
176490962
230294778
196179885
190318797
196234708
106078398
31586886
55999515
174371070
191128504
188214003
50885562
136354457
122302524
157178882
196600516
106792193
27529190
185088613
192642640
25386032
206853776
209906165
122090335
114655771
89792998
58324230
197885108
180323603
196839354
133879149
134780369
108972437
72900883
74620867
122088318
4331763
83431052
144462201
166429695
161032232
161032099
129578064
58811070
72597237
222673182
196234379
263356761
23210255
81635229
113174622
146870458
176490847
157551610
52156898
87991695
197572113
180995985
48055328
206131051
103825170
146260028
26703776
25935591
102129771
109902957
122087186
53547615
90325800
124242089
113264542
4213909
195122913
206131405
2887181
177548946
174830486
150881016
198509149
55844487
55423379
142098306
202347658
15387308
90322762
183038046
58698267
215024029
86410910
107099546
136367833
168236578
54445900
199144246
72694519
106336607
203738439
152094164
157401715
138283056
176678371
156649039
115613186
4213913
149509452
144180784
52263401
136369473
23814589
103824853
172919190
59233986
185247880
191500508
81695406
140444466
8716190
74620031
91629253
42090660
4297215
244175267
133831330
13363481
73184580
195120979
159653089
149977665
17347333
109208889
120379364
178603142
5950495
168726263
138380616
253425892
198557040
206118246
57099917
174017709
195623050
136355289
190167581
190214480
51144295
194819559
191376947
119634485
87009343
176715030
78551389
77709511
217196721
199568405
122086712
72640974
124940181
217570872
203760294
214720956
164537571
111437889
208772485
201161895
162048012
180235449
87642534
119089213
155429532
191424554
107675203
106793405
254206693
120169123
58491732
191136837
80767916
142546022
119373526
187588336
137741680
168236584
136368995
212320157
153988716
119961247
158694051
176987757
122086641
139727772
22044662
199166396
29798348
81138975
135286794
136820954
149523145
26704113
186333813
41173344
176711799
140324300
203986641
55413180
119965593
13374263
198643248
198508808
113173663
113173959
4305871
212971090
189897266
87249493
16833861
173911355
181803077
104415407
9815938
188919609
147327094
253231669
15387324
203847441
106794535
203843491
148003155
110593068
90485826
136367845
58033880
116619824
167546691
196824634
157402142
136317598
194821332
58208572
199106856
212927330
16993237
197572046
138386527
57032948
196410249
158900758
29954948
145257523
99671500
187338127
147003261
148848715
6186613
96300749
136368010
40820062
94267659
162036311
64657357
115116578
36311881
37220364
176488025
131138391
77239171
186981377
137442408
122302498
147931962
208667223
72636074
96298717
172123074
140951543
116378552
56681678
115613214
134508441
171434863
75413221
136092238
59388082
108890120
104505387
199869510
188487213
183685427
56463798
138904722
136204430
116638799
136871950
74620032
162752348
128290705
164947411
176444218
194819994
195772702
117973548
147919518
109570226
10278704
144177392
56681720
21036436
190489697
16605414
213723273
13374594
66107819
151612118
167473631
32955280
106793351
119325484
51968542
196179891
196470470
155827635
73744436
26068128
116618710
117808256
187804330
136207626
191821028
123779916
144342443
117112231
177527874
70904672
204880276
187422725
243806142
20162171
149508772
42694447
70578741
191950043
118208747
188576470
136219091
215562831
164535782
31140875
196791971
179586283
173701020
205183697
76357234
159889045
115269812
194083868
21308472
21781950
210763536
37733633
128292286
31140861
4170715
217386725
192020142
199592773
15129606
142391733
68819507
15387332
122872229
243095266
86561961
11755579
41313395
82939420
125742558
124940913
199143971
106794378
120271935
66903739
115073998
55569030
187381935
4101215
77729708
56266865
32818236
167545545
106793326
102424308
155810617
140421526
59199871
184519491
197141320
178576939
120228242
178316257
194788349
196755096
12022696
149449316
70234220
44904062
125720589
21744385
215973658
54626373
6536657
7708220
8716289
125742536
77239175
108212286
108212087
106336543
72595455
59227700
75950576
94761839
4730597
152166719
70906663
179400843
90323144
90324752
158694016
98869871
169218485
99670832
200789812
168527356
104415561
198628926
140950713
13374592
155810325
133829874
125720571
243805759
127358247
90323122
110658103
119087853
146621749
204215401
145234239
13605105
226953550
158225960
68064731
136367935
203585704
198436896
36335955
32818350
155796548
149752316
115610494
172337173
113174623
212970817
74636518
11980226
118184364
11868587
125742539
185756436
7720123
90367811
72779578
138900099
196791729
205185848
127323041
110073084
172456630
116619842
53992251
58807407
175687126
98160339
116639605
15387312
150374475
122868742
56266740
75455260
115723098
121210692
194819520
158693897
15387330
122089391
203695420
188543557
141645193
133885294
140332429
149749475
147108835
176240892
74593245
185718731
115874220
230300971
106792364
126933626
99671626
21916112
127346049
101980480
116970732
174371341
208742193
118165071
116639909
198321426
196849154
104495989
59388043
44899019
91516969
85376421
51655413
55827602
58903833
196441953
149752629
4305889
199154204
122301953
116969502
167958911
90321900
207717737
151589136
172338355
201532292
45807570
82496886
174039341
124065908
168541975
188492590
165759723
155808878
51654750
155809019
160212130
207719796
139141949
90322175
176248199
