191123578
108899142
108899966
41181187
13360683
167548754
121333130
197812885
123753055
121334104
199728564
138851809
167548743
139143704
108897835
192093488
189365569
139145172
108897273
167548882
62434305
103102717
49182913
67249931
103102771
103102787
66623999
103102699
66664260
103102722
62393646
103102723
103102761
67249972
58425788
72663026
108898157
111115751
57894944
200520663
98640871
52106176
121334832
138852896
72059978
185097176
108897877
90328678
196573701
108898268
45597553
108899069
118534229
100610139
138307787
44902208
20147439
192173514
170184259
190812657
76477794
134734985
190809107
190809065
109522593
108899601
191123315
100610107
197811691
121106972
97771111
170187255
72606155
100610033
190808893
191123197
127665491
69950671
196577826
100727453
41180948
108897447
52151058
191140880
170187262
170187242
121107046
121106948
54016354
138844164
40979744
188919413
73118795
184670238
77914080
121334778
70666847
150789005
100610549
141591260
100610113
108898872
190815102
81222867
185810723
191123232
49167630
178212476
108899935
108900244
196537686
108899579
91557162
192409553
150896697
150898636
53063150
121334066
170187229
103102707
103102783
50130506
49226692
103102741
103102801
39305033
54137939
81455393
49165361
49180367
167548970
190808530
138852482
100610394
194860585
100610096
108900463
69433997
213559474
69321690
44486028
197811982
121107043
108898668
58396805
108900297
207749427
108900493
192586957
184650170
70295781
127667487
127665286
15597921
52107204
91557169
75671856
73639630
73753260
75672679
75701695
241901802
75697623
72780083
249574554
79316056
190171718
75677208
45160256
99670802
53705886
214152467
80699250
127666773
247904410
108897734
247925893
75700783
191138277
104108521
31695259
108899646
164539023
119450190
152798970
41611344
77925748
79664264
125454789
89475072
133792864
20148362
75672927
101142872
173696584
73736177
201833123
132079918
167548800
108897461
121107090
148017958
170186333
4303239
127666864
191901328
167607522
196762521
100619035
43336369
213673994
108900332
167548797
216246236
216387787
71957680
68908612
193606508
79556151
191474484
191584923
75671564
52275126
23582343
108899334
184694588
108899240
108898296
108898046
262589834
23582341
184651030
184095999
184253884
184240147
184295682
178100982
51111665
190584067
167607929
117029348
173629865
36629148
100694467
112817279
27557655
950155
179716397
48719598
100610051
48719757
109980219
108899607
23352909
198799859
109378388
81222396
49182933
81223432
49642282
71526236
121106906
186066324
108897553
123753223
167548996
127666302
74888477
183360895
195326137
24480225
196560917
179400105
23352890
127665462
20148234
191926607
108897534
46136129
192660609
71681190
200520674
97770730
36164871
193899709
103102713
62433033
117273561
22099608
112817560
230126010
50025474
121333322
194860535
45870118
108254228
112817165
127666191
75667678
75667467
75671984
229699359
150360346
194109822
154179147
174566949
122216357
190573253
184250399
45377847
58878260
81223343
91557238
127665401
121106806
188624633
56801073
197898545
198773358
198773218
167548844
27557376
108899308
158900172
49642240
108899739
191123368
196305232
188621117
108899204
118280908
121334069
108900586
121334528
108900170
83378724
53029492
100610102
48547923
108897464
154965160
51958087
196537901
108900138
80698974
109293338
190582272
184250889
190574458
201244496
116898644
176295733
48550100
207749501
103102795
196575100
199844398
199647685
77914082
54417211
89424748
47272526
67249966
103102797
103102781
77579936
121106975
81223631
108897098
199053256
108897422
127664839
100609740
55456817
122374832
59842294
51957703
193898438
194083895
199648770
192172776
19625140
112816802
112816484
72870412
21600654
72120087
147485550
188953865
184674057
179921358
73119196
20822934
127667660
190809238
178116854
180965723
108897337
108897296
122087378
39326359
72870446
184616989
58447141
184119229
184519590
40979623
57701385
52106388
225953468
67049125
107231653
100610288
197894852
81222787
167548896
8295922
192396964
54016432
149453228
112816693
191753769
103102769
67261755
49165367
89424754
77896851
108897684
175849323
49327225
62399857
154219348
45818119
140534966
100610563
180003545
154165310
150788575
132079693
80928066
173696800
122089661
191123896
196549901
172007051
26074920
13052490
108899999
183543858
196577600
208201561
79131510
190172243
80699534
80699092
80699342
87130738
190809076
248614800
37269415
34710581
23582347
31695588
108898985
73218258
128516976
207976954
181804309
207977433
76468642
23577567
144189723
109134728
163871063
173694407
73648394
254019072
179987535
108155397
12343394
137135998
167128121
187855148
182546843
163871045
189034844
210429826
174531711
108241497
252560964
190514961
82704205
202438920
202334879
80978680
122344203
122344125
136313599
260932003
217499364
225197224
242664589
184697985
144759822
182149631
80924519
148932218
200793465
134483718
213498162
208181111
201157740
251244857
245772111
214608318
204874064
71141199
253432440
162349280
53631017
95125494
153382513
203812922
157254374
205010589
159035740
122344207
94329153
35403090
168368539
121331184
185651544
249576286
192032291
159023539
243051900
170652591
161254440
102808613
84999843
190681306
54389328
179731427
111868852
55594794
168498791
190681174
149351258
208289192
199054267
202346208
168195282
122344626
143468058
168228152
170653528
251179716
173515285
193880510
204268973
251777698
193004961
138661312
122344106
115941787
81992225
110721367
33762644
203149981
260407991
186348602
207386557
146944063
40950238
203853263
79768433
203899194
148734236
13900137
122344783
197072966
178827020
196810699
10640021
147352741
243026138
169331134
192801441
75946543
168368777
122344782
122344451
136952268
122315190
122344151
191440329
187020156
242739237
239190938
191330272
146944100
87021796
150611137
153979187
173056610
204874709
208224761
251250318
208299655
193433461
193916851
213522577
201081471
121331636
182980656
193720605
177583489
157504768
203803252
196904687
149568088
81452578
161532587
91369059
145141400
52528972
5174211
78969294
262570774
243029311
205924290
261982944
