171554441
14135184
214014360
184123557
262338368
248909948
155762723
248906866
188574664
169625614
258668275
125744496
205504553
38204229
95067278
21741714
135350933
374812
119891564
190707391
106756980
207984364
112692296
155763127
222678410
38928530
179956040
8335696
162514034
182135770
248766947
47860801
214138788
206769812
199573065
205921973
35199651
174818539
106756842
68309677
13776520
94585876
120778943
59102673
249570682
53982507
169903097
58119365
109023140
94582545
178032212
26047062
38217379
756660
157204389
206781577
198336537
71148311
71054831
169917530
126735051
50248862
243023798
161454450
53250115
169910608
58119371
161212364
96202418
198072591
188453097
8326153
190707555
170130213
131363520
198613500
221307239
43950691
72641527
10056080
217641855
242101718
58864381
51420903
8115827
116622379
47332670
207270788
212559805
170354443
127961339
247797151
58451537
124891168
154590785
50248881
35845284
204237267
1746763
81133715
36234595
48098032
153486372
65400153
91636958
169876641
162211300
58296077
212463587
188545524
148747480
108422474
4685595
75365096
31250377
87940989
199640153
68571428
78017417
120764540
18004715
94586384
252354301
53212951
202507762
141789265
104193146
261812200
74541258
199727373
217102623
201384924
14308425
73398228
36237106
125365001
65071520
242656494
204310560
156142730
190209733
171116388
131496983
57809672
148732535
120782233
10222271
21759166
261811219
28303452
247843253
204421117
106756823
52720040
88262706
68328233
129277947
52402057
48894376
119720584
204217754
96449262
174619548
121748652
52781659
206820802
204425706
204310835
199640706
106756845
247841145
192327138
139262334
201038233
72459551
55697137
96659512
153541245
135578671
139718286
35922676
74981497
97888569
148732944
181132697
184121602
36061290
248463527
55653951
252354527
220668725
21791092
35198552
57903892
105632385
262021841
1661879
26677231
187091114
174652517
106756802
84936368
188050757
192368079
38455208
262590227
155759798
178031743
194794341
67073677
120800883
206823121
119720528
248428203
106303361
26673496
252719102
52402064
199897036
74380022
106756801
213580021
204339675
10046729
149145937
174589497
107979697
48507583
93706362
158462797
112096768
209906054
200761625
48247724
115524425
173885919
125735945
195569838
114128606
39215632
21733275
76193500
28345086
1661873
71149072
52219986
66622544
19940898
59306411
117002626
148749225
42351140
220684892
250336167
190108410
173155033
261808099
84845331
52853319
204428862
54132754
211294138
638198
251418165
204387532
106756850
106756807
34928444
159829722
102900025
33762083
58869254
78015200
58867690
195443845
71168966
21430815
52683465
206838465
35041860
206321499
48964467
261809570
87915008
28353304
190298297
192363895
35921946
194794022
106574765
124891583
177443546
66623609
47290961
182515509
113887687
58865816
148733313
208289330
193340974
252354212
23172740
134579502
26675923
28286893
204821690
77692918
186348863
187090984
106757118
106757147
174618413
186348934
201385105
51038166
217773769
108411043
47624434
54133103
125742697
116903634
261809699
262067280
261811283
254113957
249855853
242735920
186348929
250964864
251401768
252575310
217530262
253116438
249966265
248214606
262640287
252529466
252529007
252529672
252529493
252354632
263353937
186349132
263355435
263034421
250059460
186349159
186349995
196538029
248881511
248881157
217535074
262078677
242663269
249941280
252528987
252528960
248179905
252002926
263366194
263355354
263517499
251443124
263646398
247994632
262790791
262022100
263055080
261812052
261812287
186349434
253059960
186348882
58868200
48247579
186618182
181122079
58869639
120432188
28349808
58329307
111983002
50463312
174369390
105633166
45338793
192376283
54133400
246979316
222687466
181119831
249711811
236094751
262078161
252679880
248171257
262526147
252529733
252354343
186349548
186350121
186349202
261811163
261809730
204677815
262731089
186349718
263643539
248641236
253198029
249664172
248209854
249778071
204317245
186349717
186348865
186348935
263034852
247249355
248880609
217524856
262078640
4687097
201282818
207838491
196537844
252529789
252529184
58869207
81126237
249934321
98298334
73628833
117798652
174824199
36064746
72513877
119720554
194368556
54466047
197546476
74267653
959745
54153311
55661806
2805197
212465549
121613856
97923944
35920506
115289554
199638754
192365064
117256542
209878128
125542296
57658675
187795051
138221940
249856818
17895385
17895383
198280716
28342986
104668697
204432065
8115826
192323973
71149078
148747247
162118306
58870061
1907763
99681188
97102713
149146363
251324792
118285389
162113642
48096381
95509578
125384825
198788163
116643943
206771224
174597108
21429545
196906557
8326417
8321719
103674172
104278469
13814279
192782600
181803731
24267321
45859460
192801928
261811061
172242232
85400233
116209399
192354860
74442831
128491901
106756808
250075015
106756836
57718317
118089451
213522571
186349856
43298657
57903410
191753031
97002927
90502551
153261917
58866563
41299168
67498990
120775484
46514695
50248856
47113801
114415210
206784431
206845632
38313547
45092038
193887362
80014659
174896256
192473251
66568619
514728
50248858
204213780
204318892
125536854
187090384
28348081
212463202
192803932
171118199
38214642
207767677
198280689
106756852
106756799
114649358
106756848
28283680
71895944
48964469
252354599
54790051
196538718
58867925
48929199
58870414
135463165
72127340
51252189
184424098
206798359
117955247
214145495
206782120
220690806
133810352
174371530
204256445
192804656
192807418
103677473
261809641
212462747
106756838
262475758
31578602
192324321
192333219
38433992
106756830
106757010
74540384
58870529
117256607
57648111
87930392
58137626
181153864
97092365
21604994
109887345
120794861
134687676
50248866
248205898
8327265
206839536
35181162
72513500
112333440
105633351
8111142
19613775
204319503
204317972
216371078
57484415
203889317
192363994
192374299
46221811
38211299
133650429
38200480
139270182
176289388
186232526
171551880
263334125
71149074
71149076
208299258
35817526
71052011
201384902
54853264
149146090
211951728
113673507
48158052
251321893
54796420
8103327
52585310
58870742
131405295
194393403
58171969
174492102
252418644
50931598
59106397
140622240
207420379
214144135
19697369
252529534
206794821
204283465
184907218
3549555
203890062
29354093
48964471
106756835
88082903
200032490
93838233
216007825
190096957
190125528
77719358
206566691
58829860
201037034
188847204
212466093
186349231
8115825
114644392
116691498
193314885
514656
188374818
41880917
22876935
113062875
181474252
158867964
48221916
253335233
16624344
195340636
43181787
117932312
127390228
203923515
248762192
21374359
243036726
203204808
111196417
230214564
126520533
8276762
68441125
202203577
52157712
115433346
253184163
178470668
113484763
55030605
53050271
253073167
55316616
179978649
48310607
99851082
52050280
16616703
112499525
31821334
38189312
43335990
49210975
52113690
190194374
148750566
104722024
149463802
45293739
176448766
549210
100930347
116794132
217722490
262305727
37943369
46685127
173669400
68728465
195890750
74729695
108410565
49656127
54481365
22079830
21429755
123863692
13985007
186313250
23442149
46117734
116962428
10859201
176462980
171218640
122367764
150932320
22426450
202179420
16616690
958249
184914198
46125303
160607340
4454573
