225272959
217274786
179880683
187482146
182989125
206106326
171202278
202760999
202761122
179884017
200976426
217275718
202760253
217506025
217275607
179883642
179878448
251514614
251455176
203497122
222685311
149909842
217506577
261963275
242629448
173865689
173865462
262848486
198739749
263564395
262687122
199578888
262701702
252390823
217506471
217274230
179880404
172316141
227985976
222623579
244108293
179883753
179881799
200976234
200976356
202760199
217274250
227986055
242656918
217506622
228091807
222715998
204416556
217275399
249184611
217506026
204611482
204416625
261963716
217506187
262808578
262850847
262852168
242629712
173660971
262825229
228132377
262808178
194026570
262821900
205042205
249009910
130817592
143363213
130818164
128594502
116820601
129942602
135573210
173218792
49741253
38207851
181978774
57343508
68985578
68508064
178310123
179371290
76366645
76183835
180244008
92492761
133235415
98184445
154103187
119245002
119287981
179531088
71520440
179533003
40983850
180587378
173609087
52309135
112857049
75439433
248089546
250100241
162053191
255763166
165587664
177666546
6041789
171535424
91210503
114363591
222476244
3645157
115150219
147248514
170354022
172318803
172315588
38207084
43980850
4534951
108593817
151952919
56992437
217760055
178109151
105708376
172315786
68734760
184045865
154104321
171186112
43914860
51628676
143363274
50741893
38209132
68985548
156214405
200647219
103329483
179372009
135447463
79731075
