90688910
164157705
134381369
176684555
58962949
50475332
48112457
95293299
249230424
136352756
177189513
194447035
174296910
90986107
151556251
262522924
249152019
105673249
146694003
92479087
229748152
156191790
101532122
136352856
147122848
196330804
176294441
161979257
177188473
72223990
145289616
24495167
148639281
71945382
25456592
191571032
207942701
194129539
179154926
163563731
249172032
247878569
206371723
192801816
48157023
20688706
152874886
9977834
175788889
19776135
14788639
73987355
152565767
150493330
59412567
32800806
177202033
67734833
146633507
121284782
67428791
161410684
77753402
53833594
177190118
69061221
184079484
149414788
25422123
66610628
97560620
164575304
73833181
175791737
153180974
40362831
155181029
148557223
110899557
130866787
127587856
251983286
127617524
194787013
24495143
127600369
73833234
57720418
185466210
169347466
114276793
177188428
207497203
177189078
101192071
102956748
153496748
93602881
138116594
178292417
150853584
23147586
118588748
70156105
25602465
114927494
13295293
174220356
67282259
177189742
161208462
114442427
72917442
92716374
177628266
6495567
129402984
155150492
73496810
72586417
48492059
156191972
121647059
106006805
84378053
42802419
54639290
53053507
57763906
16991402
36792523
189473813
177189952
196321672
69061220
24495155
57869191
192123103
187358933
262525351
249201092
146697554
146695645
196757146
168310277
171069769
163925287
175812864
122561025
163935813
5531009
109135337
161413144
161410737
177189396
198883599
201226729
45092069
19491950
8326398
147443109
173448820
149245072
172497837
94075421
147883111
193178229
173414917
168075959
138479559
115643842
25420337
101191482
85190228
167950630
34918906
108896664
116999125
170336360
116999040
48157094
73832968
205822888
95859441
36551594
83927329
149414830
94635270
155888604
136838566
108101042
148640510
112646995
20689012
249930959
11090165
57837289
108336814
123664394
57325826
178542125
127376767
68249353
49867853
17751083
21835663
138896679
86888638
149521255
193764855
191579971
54998625
196026258
201567711
175656038
161410496
169706853
171069604
175948995
176652507
168310613
207942830
198967549
213585488
174621649
180305665
179147952
193963247
196323507
129404311
121690474
6497761
105179499
72548414
178292398
6495767
135523051
46209598
179695298
37101050
52732816
24390917
70155590
48215065
95357535
169710505
173943134
197973964
191801036
177188218
113359591
173448470
42326115
126678103
175790775
153359416
178227489
168711538
48075448
101536677
164338102
103635505
176057283
184113992
147122989
6523449
38133790
14891019
48157052
115942804
103875139
145702169
98961979
167808455
144962425
162599417
176309022
102955716
178292407
166431457
73204350
208201573
145662941
93048070
154200656
196321259
128269270
148638823
74550873
114379416
74500580
49639349
17458194
24423061
25633202
249241537
249240497
20688978
34718986
203851236
52421679
72739851
19596300
174540817
125499009
22624659
145425958
173448877
21835259
20584219
213495754
201057817
33394093
251257477
35818215
197971518
23959468
203890030
146695099
5501177
5501159
161411523
161410832
198517013
187825387
173716936
192356754
192844392
179150199
190118436
204988872
147356829
174621930
93048083
102955555
183745169
118141529
66667999
194951181
21835279
51375372
14062472
46553857
192420600
161411533
179155728
137803911
202238783
21146880
48099394
146697606
192850839
187826660
179151925
146694090
175655605
100750619
171069249
49062214
149567165
51056111
108637275
262736741
69335912
90193480
154695795
127594914
109836195
155933731
111749153
130781125
41862968
184776934
177189085
133888747
89200988
10797191
32298738
177188629
138121096
51101152
148641425
67281633
126679453
177189008
67281693
155933721
93048078
152874549
152874700
30701351
25456289
85372995
111038892
67732962
174470170
176401579
82434587
174482506
14851797
17530195
73755478
14789022
73204288
157826838
20688600
20688697
103481068
68198263
43881051
46308763
58943441
24495149
24495175
24495147
36573568
48355157
24495171
194827369
208172696
35889725
263303445
173327313
205031086
262944366
109488630
200941580
170283107
189985010
197141654
161411496
140213062
175655660
177208876
5530919
171209012
71565681
193009338
146694113
121288484
173358903
171715950
171715883
52274722
90642830
201028603
179151502
190589026
208476273
260811681
116003080
179155489
59057779
55553594
104665148
194326691
155180327
105276342
148556375
69031281
25419704
147122855
177188162
129401977
193620201
163927502
110896543
177188145
94635299
48157112
197164743
189366017
128268835
36619724
150312681
40965339
14788812
28621411
78011057
141323707
129403501
129405651
131418082
114538231
112694981
179419959
200843370
51112202
14882291
175790288
123926723
103281246
191259010
110868416
80397534
251267620
247933253
104846831
67281486
167853945
157637641
59054577
138896720
110897275
111223497
76776232
59055283
179413068
111200583
191512732
106208375
104707444
32215264
56751691
