246891037
143656779
120298305
36624077
208305147
193213398
62686843
175466257
137948120
111857931
11247762
76500026
111869083
178035948
127323216
86573600
40115489
40924889
81543207
89883920
118121194
58118522
142872741
214828228
109198467
115200238
35750545
188208007
186627660
54412867
100280713
212263318
118939664
205822949
116470331
162383385
66550496
112717275
184438566
96755746
169505366
169623644
111422531
70853840
53617310
10212976
118945431
50396553
20793247
221807910
174655767
175433405
170324185
59340240
74868109
12013657
55640313
115960864
204338205
1986049
127377810
101253192
196924536
107368248
95315140
70896813
48547735
242483979
115436734
38147697
16483892
255435008
47867509
196361362
82107095
34506551
217568403
72743266
120515567
173998483
35908375
32543036
44842616
115680214
16331967
67215229
10021542
57720311
86077387
188947354
174510172
193532026
89234900
140374938
115896471
33006369
94982460
35865184
109663913
117062142
48305547
35870773
185466996
74735489
171849255
102518080
408325
143172626
83804934
165924574
95136064
115896671
114714512
211299389
95326836
37748787
73375740
98118709
134558455
191147868
35975091
55377109
111445064
72104680
32236048
174637793
76273676
133630179
58434385
247802555
29907271
175784367
55410434
56610341
252065932
109602034
67385899
129916777
51448377
40898709
141962684
118997948
39923606
77870618
67072593
181698965
188947700
171852900
55503710
203774872
129916863
248546285
43849380
7421273
43850461
98761420
249054738
191363122
55409825
54692916
124491394
124491412
43212963
172022635
54550225
55141360
80930864
114689314
191586581
213929365
171853007
173998588
204639222
13914404
75994242
101252699
44295120
179747259
84180602
157243614
197189353
98863862
76828046
16174571
41300262
117033377
111285995
208430202
90725225
127203732
152619032
124180802
21676121
11436948
66952577
41215891
67899271
25694052
44615275
47511515
50045052
35868456
84728429
251461945
183064065
114771353
117676642
171132347
247376540
262057194
185889375
253197571
263485787
250110809
207771768
202717755
192861024
263101248
263078790
248715649
196832034
174420684
204631389
87574184
94982489
126243948
114195260
35973951
85518846
181699019
111621377
141204901
90945671
115464146
120513689
124522849
87128816
42917576
184918807
69064906
43767958
41300897
21258595
107892776
21048359
129917322
202717747
55515871
103595210
83471365
89052744
54918379
52652656
191259060
44602396
184496525
95892777
187184408
16471278
35754117
85564126
93289957
139030371
31612766
78487799
186265634
57764194
58612563
188947220
171852946
202717830
21049289
196523673
196529910
11512595
21046578
52672659
100554510
202717859
173998442
202717845
88047489
38472923
33129952
247906836
39440162
31144228
67243035
136293131
35865629
90326797
73827016
125595303
140791337
127205763
263076175
251395017
214822889
55367316
91624165
192371867
109991771
191500535
32819683
49906138
4319513
68630195
44039260
52587840
41215640
21044093
58954462
153415999
83471262
248546370
44095240
185288069
31612481
43847991
12113888
52238799
116776162
101984426
54477598
83377976
109227236
3555859
75983171
96127138
102468437
185350962
31594822
171761448
115990530
96521637
197171916
125744632
124273463
109323058
52659549
263338433
247802501
210164223
247802485
263397276
111445250
76514221
130197689
185889322
109958573
89692822
38465542
56067997
83744461
173487567
19772218
197516499
206131504
53892029
66125522
50111647
59498488
92137116
66950491
249054752
116384485
130399259
56869039
120514397
91565739
92818079
171005727
81615716
25293267
101396598
176166342
152619015
3655427
58072056
31612726
35778731
16333985
168156682
252063995
77855680
54548631
94977960
114686583
56679678
40772451
120512835
89053292
115990452
71076407
51445874
129918828
192931515
13352724
107238206
77495906
147048803
19772318
116190089
80371107
20199779
206833736
139973163
110851197
91978721
147946681
104191383
172706492
115462709
143112380
154999936
155428137
210436706
153575419
116274048
214909050
137013799
91984482
115449007
129452701
89306979
54616394
181567105
117249819
206665138
85698018
83665537
195996334
230313740
198342389
125614704
207707093
147946698
150881786
166354318
137013326
210403419
206835664
73206280
147946733
209304252
90240132
73826632
167520644
218755725
115945135
125863753
209304436
193649852
73826584
207912989
197688438
159276853
143105784
83665325
58737201
103641177
129380082
185711188
206835273
125614644
78946085
209304469
7298423
90237921
183567183
137013295
73828667
137010763
53252978
56792924
140520902
72586485
206835665
209304341
143116124
137253814
212553302
207913900
143116002
136953304
54624973
42356784
73828603
155427980
183539934
83665252
192156490
56709179
76395712
137013866
143103124
101257471
209304283
208633282
198019046
75573832
147948932
177946190
55460812
56883779
87992183
137010550
46252992
72586269
184243275
163024815
115948803
202428625
181366065
196744878
207913898
158077311
101847478
90059799
155428460
125863127
207912279
101260541
22380454
201038098
160559382
76528359
147642077
153579185
206456504
63899796
115945850
53232770
89307070
160559700
168067321
209304625
147947006
192019930
192269006
54681870
207912909
89307029
139948372
225385177
153530737
196892026
114689107
209304432
90238701
207912721
209304268
114906315
95049681
147946593
87451696
151994902
125863442
56028655
99156226
115948350
116106008
242626138
230314138
175904645
177752568
157405853
75724499
207913012
94998835
184056231
106503232
207670467
89119045
206832272
209304322
209304786
81987290
147763548
191757636
134820294
103640595
125615298
15293834
91611091
149508869
249220279
195202300
73826898
44899249
158076907
44899519
162777471
197575513
182143146
201292144
125614539
83577277
194491618
144492629
75724898
115947738
8142291
162968550
137011823
67808415
56876734
175413018
206832396
230313675
83665844
78886713
209304520
15303376
206834665
128939296
217514398
90240230
192859263
195648203
219410059
179141975
247287840
137829904
184096947
146394048
89128457
207912278
207913369
94065512
243079462
209304344
57086587
137430007
188785792
26091857
241895847
162967839
147763480
242484965
10111866
218755564
73826612
8142305
209304634
23185104
177751243
170831541
148007139
125615690
108808072
88992364
125615081
177752347
207558497
207911638
44899602
137012746
207912142
146620729
144755867
147947820
103640948
56028240
183538050
115948531
138773033
209304787
196824747
94796458
192453184
177756010
110196001
25812660
136984237
143226762
150253447
192155520
137013115
201176801
176926229
99116260
101078680
75724327
