141242939
113426349
57810291
95001852
88769636
146240697
5524869
74595603
72785145
164010783
94895673
76545596
147353873
99869018
89722839
208060717
198035240
169304673
134318592
202709332
91817303
146593575
57471069
201890639
74595692
144082384
150994628
193758436
90966843
209613216
174442939
31026235
134318367
140149524
197952974
96845899
70092685
93957411
130872997
133165496
129821397
177639381
126048632
154919475
118125293
79707732
126047587
136839139
191926773
109934469
90188965
219456273
143827108
204621803
216099326
192908818
198577315
14843984
194114919
127013994
106756937
101457075
261807927
147486906
84893808
101353760
192015610
131238862
191820852
114277924
106304591
127995384
48535922
71058053
253151578
105707275
128269177
101353651
157096872
126049095
124265637
198922698
165884315
158669687
186592037
165242799
134318769
115440772
114277616
193889410
253039702
106514070
252762587
106655721
173235684
173771933
183691588
105137760
129818836
58573880
208210646
57123870
118162576
88769424
72764159
166321024
105249365
209852358
197953021
170917542
140138812
144453380
108510201
148937282
165242935
101354166
101353780
129821193
148937311
49772231
57299678
126049019
100573524
166525966
128876942
73538069
101353861
103595357
114277189
114277091
14341171
155256914
181186467
181186590
249000499
11697882
184252731
158562962
55102260
155788060
149211270
30694198
160091170
146233565
96662387
199119055
174630046
125257190
176156398
49352188
13802862
10591414
144259503
93046366
150842713
159314178
115440757
70217339
184689449
16530997
5524859
22717441
44436074
45534013
192013995
191547111
136838732
121249709
109835940
249588766
139623710
135537362
15877746
131289802
218762186
136839426
117406092
146373355
73895365
173084741
29166707
181186624
181428569
252711236
68454188
17013921
104518796
217149347
192910324
251514561
67437731
147759401
253227411
14843929
184587993
75376405
33762224
203899164
97111791
204625681
217641562
177979695
95583391
45600534
184689679
71172488
152784031
111550902
191545265
115510138
105137918
147492518
128268429
129241566
193624170
137407264
72564280
136838793
220666179
184074039
77088637
57115689
126048547
54617455
133675381
114738884
16869517
55329578
109836486
141591183
136838828
144263454
141260539
76545760
14837844
252399406
147806632
175550297
36829864
89644058
157216758
59456292
11837624
56694808
143106618
207418854
217132415
190300053
86769318
180247331
55704694
74640226
151035678
160743864
82366031
187300900
59177778
197590073
185919966
176097966
77029839
125021826
93044590
9969571
217149140
196873436
201155006
81093588
182134400
242762557
173758326
113933468
184314955
247449423
172208602
82373988
67693705
111551423
196378405
56224428
113956155
51407838
13667106
58554542
169461543
247471225
146595674
187662142
50077937
247446022
8448325
90851559
131255892
90333691
175654506
204081418
71314268
180528202
180606473
103750070
106108267
184101200
162125232
103234152
124239898
175656139
140565919
133579974
174235186
225381542
110850992
195110000
169884908
173761242
173751794
201771808
252054453
105327573
46692098
179982337
171850929
217131371
196837716
36984980
169325866
197901853
225189868
76136694
36159305
253355620
181428890
106655970
46748793
146595010
2918707
111549176
173854364
177546712
186271328
115439730
144251692
109390679
2990549
13382812
192230219
185175757
128934162
151035394
56709539
198536923
106305157
192473869
196559694
191923151
185715623
179439175
83573071
100488450
180049701
144250403
108504105
14584144
167521935
71896541
198463937
151033992
115708252
110202954
183513576
196728586
217149435
68763731
11198460
205007289
192781082
116360306
246856104
7604512
2659757
107471435
173711679
17047231
215902881
216911183
16457935
181402292
242764519
68005955
56793352
58562798
26756510
62227070
163579838
111552314
48699526
242758389
134623739
95508445
2990685
111552922
67992226
190320583
212264001
116850634
189317341
215746640
54997618
129821422
139552195
159863527
261986320
45602785
168350110
76150652
135523216
76445630
13680072
11338403
73221983
239350537
160993917
248066887
173854257
195283442
43740891
128250946
195113770
29915007
222683535
56376756
77848720
225202951
186348236
136837369
60863011
110104964
157499992
14378329
2990531
242774272
190124812
247454376
96553151
