199103528
188960090
88979833
247816886
176606812
137228334
195510451
149312209
188714070
180378854
161310419
206651979
43663245
169772645
156729826
157254291
102006317
157254165
2067495
138140841
195512831
54361213
76393560
141558425
128292864
4191789
94227065
16179032
96324720
2345669
153836577
167528651
206668551
157402656
199103186
199103240
193720539
249686434
199103232
97644596
71736548
73261918
44019033
261966398
26796030
207356563
207333503
188375067
243165544
26710868
207356645
37266652
249173990
249174061
249173951
172374525
114688596
192412074
118553670
167827557
243300822
222723412
174468742
212574086
204320026
83940473
82912217
196315042
7941719
199103172
7365757
82908541
73803559
83940996
115158131
106539616
76393331
71955771
170649851
138140877
199103300
26083161
52272920
51033045
51033022
82939314
53496763
172239420
76105833
102810066
83941313
163166839
216935486
41098379
195444233
33305029
12218750
109449902
82485562
159849354
97644380
72965353
77717773
45347399
140131864
82939392
174663170
208122979
249174015
249173847
109286610
169682554
156087829
5908493
165699524
82910311
1754645
160409279
107962377
103458246
103457622
16178520
82910642
76393462
73807031
64345893
74012261
162531226
91430164
88993396
199103346
108893883
63933528
102006676
107962706
155608690
155609841
193548578
253408586
42741399
109091580
109449937
12507648
72967351
98074744
98074649
41350269
263440169
206548586
249152987
196223706
262061643
239311754
249173887
252586390
207333489
217725870
252887750
253407445
252798042
253409087
208056796
252798191
249173903
249169993
212574145
258885028
253409259
249153065
195444378
255076711
253408604
263276145
252798081
53306205
195444297
72463168
120538451
11256934
42752374
172363968
183339124
82939356
36333044
96319198
82910921
82910135
91421087
36026862
71908245
4193371
148802151
174663177
16195828
96320830
12005384
7940133
195444321
81738972
72302666
204117014
253409404
253408121
196603203
253407265
259481211
126103616
141474260
141474160
136940117
141473537
22021214
104183884
52263088
77544866
109285761
98074558
98074430
20502457
136087528
77546552
26054595
206653269
25700587
51032800
248635605
2009191
2009047
2008999
2009001
44573008
119989801
120033044
2009149
120033708
2365793
49512163
6410093
252073803
36044697
15230405
10108159
10309486
15230620
74887030
149312224
75414164
45301929
124208312
182713289
8173385
7941173
212478587
204038326
174468953
214082791
36451129
115439236
16868692
7240421
214611239
39361738
187479843
177555307
74775955
22755779
24799120
11103457
109955297
80353144
146948467
77446539
96444572
82909962
49030758
195444419
194026209
102811509
23478332
161454897
171703449
67619466
5766421
118005792
143112660
25691661
175470441
143113108
31522475
147703388
120068199
36043854
193111995
73238319
24791484
55351070
10094193
24789229
10752383
121266767
72724684
125276693
2020651
56254513
129004639
11468019
128861996
120524902
129005425
6939523
42725579
113208834
113208873
2020665
2020705
21979982
2008991
2009107
52685315
120033327
46760319
100306515
47507708
43372052
161466853
161488294
31715592
88813386
113754144
200016882
260819321
191817888
133829756
129006820
146943994
13407226
142973733
120524707
11468155
22868711
120036450
119399736
50363614
21981458
2009091
2361457
2009221
2365849
2365729
168356842
196719568
145521826
2009025
161524403
73093590
196832331
2009003
174468569
177736657
71116270
16080216
120068156
170651117
23478368
175470763
175470523
37946856
7695713
43694889
199731740
5766435
11859733
7772001
49007767
13419358
52887141
53979967
64266412
103460630
37826721
74013609
36446452
49030738
55300086
72745409
73551088
76109672
66815641
80922994
26733794
59419140
54879430
206835974
4125695
185862380
174468765
32281709
147942793
160314401
189671739
6765501
11958070
24801380
102894424
136940110
10174040
48461717
13125305
149179288
58805065
59115796
136940240
159765492
194026111
26611330
22195002
7693733
13120619
11859399
163566963
143113392
41226543
33419162
183946868
71958544
195444239
110140357
5766349
158855928
173249372
100166130
52424986
88084929
69509321
146948233
7173651
120524745
198501503
142989417
138480393
173265012
43694314
141473853
42406561
74011279
83480749
103461084
90196242
143112946
20598853
143113277
143112438
88979916
134232109
134025594
11468096
50419595
167423602
178574104
37714880
113499886
2107513
72751215
188955053
137846796
184983230
77547736
142836140
2357197
124328842
146948556
157114542
142985810
146949861
142833769
129022268
56645891
167492980
109450004
113208845
120504845
46259854
133897947
19733385
153262531
10640279
119989658
95125514
133922975
42604163
116381770
2009069
196147569
208560376
74892467
2009029
120033234
120032927
2365823
2009133
2009017
2009059
73611673
202046093
