194957647
60715444
207566377
32926510
717075
25939111
58907540
19254273
191570426
191891992
15628768
198231035
12431163
19254270
23195945
194957658
1076344
22044723
34639800
10409239
10412707
112499296
194957652
63134102
41674069
73198973
11907222
15972821
11907127
12427577
10280927
63543139
194957660
191780364
10409240
12427835
12051127
29054476
125544165
12466693
12428281
191926621
11907115
198237743
204429488
184125971
199601278
91512820
177205978
12427979
11490549
56086354
21976249
11382393
26589726
187407948
197163066
191575838
194957698
194957622
36098818
130438175
161409032
10409238
109295460
19298027
213518910
16769926
89501464
168934089
93882891
15972569
12428031
204431037
184298490
15972783
73574056
23241178
5082339
41791565
5082241
19298034
19298030
12427887
37819759
177204088
168092616
205477596
37682148
153262181
210429758
67953032
212321294
12427845
90327330
73242500
204535795
10412708
11407363
7415609
55515795
71866232
56087829
214092884
176289242
31251787
191517528
10409237
194023810
22041169
115529106
12427932
168216768
120148631
105707943
212610578
12144160
12051110
15628721
192724864
12427907
41789514
15364283
13997533
176485632
42492748
133887560
15628751
207499119
11906743
161409031
153262119
23179699
91509611
109981590
11406996
12431189
15972761
177874367
192650037
112499239
55516528
253096076
57646593
105112347
204646040
168242065
31251807
191956650
177281458
99850977
50709701
44303104
177497673
177487879
52129821
184298549
212320924
67954233
112351991
15972634
183727715
205479705
23241056
117597561
204535681
11907219
121269321
121299307
119791146
198203378
22258503
37809098
26483489
50702585
195149511
12144162
13997735
191925816
191774913
177191447
21974384
68832895
32926486
161408990
48622043
19298033
557442
42695124
12431459
41679946
41657543
177287563
21976177
11657489
10412701
204646054
184077166
10280925
31251768
93215258
90342604
177212375
118331753
91512750
13998311
10280928
5220899
177207835
67936529
178313775
68832946
73197445
68832761
12051115
12051113
191510999
11907241
16779029
11262873
10409236
22359626
94278483
47511535
29827971
206537657
213489677
183524018
213531731
212427005
253358472
191814167
29151445
207498590
205477780
177497579
191800473
247679694
205477455
204641895
206307803
205823459
205817963
205715234
204431222
205818494
204450478
206062359
244171577
192677544
243244466
263040521
194957718
194957722
192655787
194023819
205476773
242657455
213960464
198203624
204429952
204438812
205478296
242657409
242657397
202804235
115897474
253357022
212425716
242487347
167968154
212214967
210946729
204641084
13998173
204431244
204431226
192637733
260924707
253096062
192641444
249388045
244178437
173347058
263040608
191770694
11907156
13997354
1076336
100294059
212324243
242657435
204431204
23195440
184298509
206537817
204450013
198205058
205478044
191770263
212667412
191800183
242070759
197695331
191930727
246852678
213701922
242657456
204646046
253358564
254902094
204641763
204431232
205822385
206307890
206307471
206307846
205708433
178313359
178310784
178316293
178107794
192642341
194957714
212600062
204643156
202804363
184079621
197695364
204644280
191778192
253358620
253356860
253356760
13997926
205828185
205822199
205819801
205818688
177281979
206307668
463169
243057942
101598340
249052271
212927295
242658816
223869622
212922448
213710241
219140765
177497468
205478157
242504791
199844366
196525511
112499299
181903086
45262437
49095437
194957686
173347060
71210438
194957620
194957684
25939115
10570675
149145161
19254275
194023822
194023830
43181782
19254269
194023848
168088582
67952685
12427573
18013044
12466604
167951734
213884993
15972576
219134073
198207115
15972681
29314134
153262229
41665223
26811503
12428033
191825144
12427832
75815509
66619947
51001817
119483343
12144127
107351140
29869200
42695130
68679497
110996062
120346791
42493347
73983451
31251741
73834780
90211740
93206939
91513291
10280929
90493267
5082415
5206167
12051126
12051118
19702470
21864527
10570680
830944
57675827
21977524
21974916
11906727
37810581
12431411
15628742
15628836
12431213
197164732
67451834
192643089
194957634
149145408
105139500
570294
42365672
557322
204627135
191448593
10570672
15972899
161458274
63532867
176289291
44915721
177496084
184074901
11907193
214755482
12466610
222679426
254441530
253358525
253358659
219133428
242658731
209906089
198205258
208137335
204431236
11296685
204431252
206307811
206307532
206127670
178314200
178313274
205696892
263040625
253096080
249388043
253096060
192673123
194957664
249938418
263040747
204646036
213565107
242504988
212426604
191975936
177493771
204431192
213922161
242657444
213861057
253403135
253331095
253358517
210879463
195510681
253355270
214755326
177286696
73233622
213883821
191782062
247785036
213914295
248538989
204641239
242658729
205823149
205716681
204431208
204431218
206307943
178316466
178315044
205698315
178312899
192670889
195111339
194957626
263040641
214517921
263040721
262462256
167543552
188376120
198342274
112499276
198524057
199941365
11786173
125501930
190690642
170184053
217827077
115639627
84372330
225210712
71011700
197856359
262022356
208642023
737887
169930396
199897779
161409097
25766876
198381925
200960781
188409516
2147033
198382008
846159
197854251
25976426
73422053
214508724
192460469
116669873
529130
72840276
23195395
130863378
214515918
19734190
164922486
188487069
164933117
72099082
214517804
207220253
31251815
860797
125087324
207910637
161408881
200623567
213703926
213598638
448867
207977458
194023835
198240702
164962486
249668392
34500757
35385178
193605471
161409000
161408883
167684664
130813665
169566209
68848568
38296420
8420035
93223891
26735782
197855100
72095948
72095949
176289449
198382062
104012867
212562590
2146715
33114241
132788568
167898087
29868820
24505460
213558544
143867862
194463343
17337861
403255
195915621
244303212
244813186
38454755
155760439
737154
197853243
208106449
198382137
36060614
747810
149146140
15972506
52285271
15628780
243084606
149146327
17974611
190690586
197857823
742792
220684392
262022313
172183155
35232846
38451729
34710565
36053516
204646064
153262018
210153232
122328430
243084588
26735790
190690666
55471372
11786171
509989
26735780
66968314
34710461
19263123
204644668
15346391
52237066
32574524
11429852
5015587
34710410
195342311
213558598
404952
200960745
197856547
202042008
34710448
33114303
15972807
15972702
33114246
15972706
34710401
48606572
200956781
190195037
127003069
178096693
217462610
214242641
207802336
200960452
200955125
35401381
207205824
516417
36072074
248867718
249765100
249287740
243023861
262844549
253096050
253045230
213586917
242665219
213860025
242665475
253393648
214503858
212949318
247717345
263640685
263639722
249650823
253070725
248840623
190543820
205540003
263639192
248641351
217516382
253398161
214103396
242215091
203435006
242659008
197964527
176289284
149145696
161408932
197854467
219262897
197854898
19261121
404770
15972811
15343930
89911739
31251789
38452809
193411177
178096211
195918273
40774130
33117488
70527336
34710404
32574551
32574578
738315
153261948
101800947
8420034
23464733
112695140
203199218
15972500
198815230
198478242
235650305
48657049
34636450
31251824
244883625
206698059
243087586
212973769
206696195
247240539
214114071
204444427
178095716
243084999
247316798
243084676
7095937
254080601
244852582
212975845
213842958
247304459
11254503
248798221
17341827
261988258
213705687
204444413
17339597
149146357
2776517
17974650
125087326
149146079
52432222
510508
510506
204668372
208783624
174550063
183719331
208106547
98736127
700659
100947955
174401312
172114175
210156101
204444408
242883312
202804315
222666158
248798776
251573345
115817178
402506
558616
185684505
106063121
37006944
198426494
140988159
533355
129715329
129646339
127586940
80165346
198478103
3131333
149145237
129639436
200651667
120762263
129623751
198413863
197651933
149145791
139497948
126522120
126515063
138119486
139497971
198425344
162173087
129418322
251550513
