76134305
114918115
157491255
164777894
10083191
202034596
153274268
119386651
172305553
52716539
56646743
25111743
52716385
117685194
108089342
16858650
19680225
127690324
126515407
126516187
143921475
159510178
121268485
172937067
83742498
119325390
119022900
110756487
14688948
126528157
72519384
205162794
205841072
168984286
31008961
119955066
25123561
20692806
20102731
115318237
138001323
11213119
152861288
13368901
2749117
103675386
141009604
84709942
123531898
141245546
144754327
126516840
176824455
186633086
158709875
124039193
139971894
45800439
117098284
23089447
21975637
14609630
107549562
144755030
146366826
14030388
7963091
214603839
129767146
73826987
172206471
110884185
75700936
191909346
14926645
157863304
25110070
138603167
126514493
172937611
157491339
153982511
203464485
23053511
138157599
155179036
160149661
35610291
48960726
110974433
14487554
83742904
73863788
129622329
1713403
242742812
6638583
7322587
22084957
192288186
118696343
150560909
75445503
137987410
956117
151988067
165652502
171439353
119023990
192288116
14087996
121246060
126521608
188493033
153770871
7101995
105161931
55994762
145620758
20884646
137987222
126260028
148698222
165960079
128785955
134507064
90945695
36978637
76293955
143114327
75955817
97842168
163029748
37861635
37133896
126514516
35865460
38103230
138830846
24596070
128328829
120338464
3998697
143678216
73384952
24499755
13734681
13781678
14030395
173377054
186304393
14170375
145539712
105232595
52716544
75530533
35610262
110915067
171451326
105232649
146043978
110151787
99337072
128783539
181202840
145620728
157058106
113168524
158709839
171157618
119369900
132082249
162143162
117570520
166591949
123533874
139699447
119023281
106386012
42837667
170404215
72518965
248991791
20834992
205161870
110473078
54749362
81358850
172817675
36981373
48065976
118010113
163029746
65110760
136118189
89243546
35966108
262862956
16990389
90852640
114901112
53790144
59240133
7980201
13992300
151708922
199537498
73939800
129636259
153981558
166944537
141009514
107980544
110460798
129636586
122189790
172937516
35610006
171066065
71973305
130767861
176082139
23317593
103573295
123532795
35610220
177772962
72520272
129408558
20639744
41333509
122801433
126527405
39361631
52112565
137114766
57893472
26271270
14030399
245776218
130969164
141990981
82439366
153273962
8318120
170346868
172937861
117693367
170720357
169393024
59133612
75441476
122801549
127785291
10083201
7101999
124040231
166944704
172353315
138603775
136996810
91741908
25886655
161031804
117570392
103400924
136049678
123353365
123226538
64265684
117460991
76103996
46177374
21947756
51372927
99339084
89212835
41794632
111230620
262914515
35458945
117570398
133929165
28624421
146515071
82953238
123531899
132017024
75996437
107681883
137852288
129813533
123532003
28254069
126528061
164823110
13288096
7322591
111230566
49989421
128330027
143678382
89822833
115817064
129408700
135109804
15226098
75976452
202712927
129408790
193246987
105175197
171891631
172343148
162433136
138934067
163545199
119024270
94585468
126973488
110906300
110580399
140222920
38103275
108707434
122189874
171949724
119023992
140221784
72076946
25109845
124702881
41334706
64306795
129636678
157491103
96069017
14311782
44067047
51109212
14602530
124484148
32150187
13673565
3088435
164823083
128786093
111438071
13755869
108956982
188318959
40385901
214504643
29013320
165011852
22175273
137114724
89821933
16562410
128788694
140614995
14926499
108909504
32986018
129622345
126517146
128329203
35457687
110946855
126522243
123531882
14927081
67856876
138007052
52716521
22428482
129622445
162167579
24344726
17408118
5452331
155592536
123782390
141960562
15957371
152367271
111998454
35610241
75974367
20839313
16257946
45800693
56371636
55506561
128789990
252105344
216451813
262865497
262860841
104102603
