117900893
206629478
114335955
103311277
104885620
68525681
90110334
46247614
192668357
223921024
252098860
198671760
176634956
143156000
207719777
129869107
151842588
73928889
141287604
98824272
89946395
91407251
109415512
46581640
173973284
170241729
128276415
78555635
140149091
208908222
143766822
167530177
43979945
153470639
83378677
197824402
174132178
177618441
180397489
113410578
164985257
188187698
45585910
184313368
114429999
146511151
87220827
206429448
201802822
6010693
43044136
113427039
25899352
95059744
151845186
151844514
114325484
201883956
68552621
207767794
168851176
206641300
96515413
176635005
114430006
114429889
180044750
16591021
193433604
155238431
76258508
191566289
71919685
235728970
196791418
204914652
190544475
10569449
71917406
145030000
62706955
177644372
141773601
216902151
33500890
48872449
14301287
55812156
72315158
174036764
222207609
38542494
57156628
31594441
128260190
42945439
104105240
230002098
2424779
147446757
87613290
76600883
24548119
213859923
198199600
15135474
45799804
11572589
205500667
56314115
99538798
11587587
157258958
171660158
31594550
116999108
57491938
116999743
37502383
213740834
136626855
167854885
180051047
13307584
47241122
75364011
141773934
207228880
28057477
26208960
75331382
56271612
200653062
52416652
156725395
22055300
72024141
33405771
262050933
262877194
263561302
262679245
20600895
17951336
103982904
82379942
34670081
253465710
213969291
221508276
229984816
11587633
104666112
116351578
71988820
17592942
113559040
94198166
59060422
11587244
145029021
75363999
102653975
28324586
175549731
15736496
23229983
68236408
49834667
71959916
141774226
225970392
7365691
90576741
247855910
73742275
33502661
35540720
41273209
229701892
169129807
29347481
76600959
68863168
176410467
115441771
10568809
141773874
195992155
262971448
202559307
190794647
136624395
176254485
263456147
196798969
71670965
145029275
226271728
7934492
101084156
17910487
44107740
12293119
13773719
10173328
9465124
87613544
144136380
10173318
19365929
19713046
46188144
4278325
42684472
104664711
134303728
28632412
104171312
41262422
213860175
53135514
178593417
28055774
44154789
152318121
157849336
72143492
36331282
109584188
31593626
246163129
42688296
38609788
121307204
213860920
213715505
21972141
167213019
23230977
26749590
17582335
10173340
202560269
136927502
