253276756
207195021
216902823
263273232
263369626
263369216
263369845
263368564
262069365
215069809
187825528
249657483
129392230
148487566
148051586
57306401
113569735
82642957
122349505
189938206
176138508
176135440
83740014
184815412
191219995
181112220
122349743
82514008
178058234
57519845
89687775
217176622
118985353
148668862
202782037
191004277
261957966
172919113
154855525
162370957
118496693
168526312
138504071
99926394
179164054
185918795
217153483
208677092
96102144
69615212
76054715
175190360
87531923
162031993
172474618
235856324
185276453
123581305
249780857
36194934
127014109
203930496
203952636
67906087
191658411
94284579
105297516
128732585
247346091
166458535
175190766
143352080
203952537
72970690
176560205
248766272
252630817
179162130
180951961
248131406
205715755
104930667
169392356
208197753
194966179
247511379
105952516
247511432
193204661
179375538
52264742
177318428
146289287
180327780
99945270
51693276
156655111
83157361
248772812
117309640
184814946
164756938
196314768
251771032
173325136
73859789
195867259
184815701
99929911
111586327
158661340
177895018
249698444
46099432
179399585
171833598
177318552
198210867
198589937
131130450
83518165
99483479
177712368
181112438
99482341
86256657
83516753
87531968
240891710
253662605
185910584
196314755
130814364
83161336
117293859
76056896
247798215
186191671
67906192
165628992
247345977
165027723
86257890
86061856
91387671
19771366
82644261
203951324
167979889
121305416
253425940
127013999
127014044
177530210
91388630
95304831
181266104
249698912
184814947
105949599
191373204
171928563
181564202
119720953
170345321
111709227
80969167
123575682
217739984
83157822
150738147
121411588
195503867
102859793
81928936
82181380
182713874
199013012
156283944
133662230
174316147
203952782
198099481
221699303
179161990
166400120
166404392
143423623
81074966
193891280
221725370
179735521
109060439
105302808
105119569
187288919
192386034
73843595
57760393
95224971
207497486
83157960
253128780
91121835
177158489
178058326
251280619
143688551
108324627
76474303
121694675
179377188
179164924
172918973
91387085
99485283
240848308
214867160
154999458
179161649
83156335
82644976
235856698
213953755
118985583
216204616
73719594
177158639
151495563
186689808
121318475
179403668
176136547
89492691
168522393
73992216
94037512
168561617
146234205
76474377
73485004
203952076
249193882
92711734
140462684
111348026
58080039
97612083
67608551
143689452
167036014
113050830
99488171
179162571
121318170
131124900
165027621
172545572
171799002
131130823
73828820
52290353
127013798
203951229
127015096
217481392
76047427
186189863
94282055
191357993
111116039
153260467
131131042
207559253
202515928
126728714
179161511
147446202
126729253
113935696
260115098
99480468
217328383
168521893
225194818
52699149
189905352
186689756
181991285
188914289
186826593
170324448
179162754
172269159
168811941
105120186
9286073
184829332
179128751
73829357
52322755
203905161
91387226
181910132
177013812
247793412
217766406
196854820
189938588
177569605
185917496
217740955
164816552
91388137
253662659
192219425
143872457
139815393
147445301
111710182
197709218
261959199
192799693
132814914
99497586
99145427
52637465
132814764
162133347
120861745
185276273
197364943
190641984
56531320
190421287
184814976
92472709
171875233
111709607
147445721
248349566
179162985
196314759
153774645
188382189
249947960
130867252
118987161
121307155
155237329
112093770
99358351
200561179
261967707
247348229
204685792
175190858
99945616
123575649
170651009
179163689
57805869
117585395
184777615
186527689
83519067
105950634
187288937
188461774
184814928
140149697
174535102
83518104
198262071
186238856
253140291
99479822
251280839
261943059
189940155
122349032
191044896
199519412
252570563
199547814
105677233
59239159
22760778
142226741
69612492
179162384
128733177
20481050
113955099
74533791
104240727
169073085
131177453
99479558
179161911
99945897
185276724
240891740
197352209
127013824
22491475
197155113
88967156
105949046
212080341
159009742
190154515
111710108
168819716
179128457
165027732
146080088
115559915
217326964
96767143
73939828
177589309
190154464
147446727
172918950
99482137
172918979
184815063
135840444
99925529
105949036
111709456
128733523
114047018
201885673
179161670
113064033
155391216
179164068
131128904
111195131
68745547
198704257
155390638
202813676
180395441
155305986
87531957
179163639
194440294
212427576
179162896
198499955
173657770
191543332
174230202
191543370
217649290
104928044
191543019
175876509
253721969
197745964
253721933
169735119
253128788
57784047
83158561
100540858
83156421
83157083
203449963
118973485
57721595
99417622
195715841
195715394
208302669
247817456
230204795
200561246
152098230
161412000
173410519
81928752
186239049
179161819
103702924
251773094
110868357
111681558
247511423
83158189
186494756
249425549
117073612
73484671
143158171
248565977
150738693
187023320
216204345
121318166
235819628
247654185
116597914
193428862
156655278
190239292
117583175
167476411
58132812
91387114
169260818
171077969
146080182
79461431
198589432
185276802
87532038
87531969
216109292
217740087
83161698
51570714
56741962
127015171
155065491
174215680
249939927
119055901
214885149
146233720
240891633
179575141
95305852
171686739
207889239
194966522
105953247
74891310
185276230
175190435
178608358
207268845
66842397
105949106
154855129
208106918
123575756
86256713
97606043
70290030
72458695
89191940
201878816
81075190
73939681
71656343
106886065
162742835
197708985
179163530
111682623
214887178
216206536
217486595
89000390
186689769
203951340
192048715
252132383
103702275
186816216
203396560
172919005
111711277
200927155
111710188
188387267
247511412
70974522
57766927
171106376
99478605
249384587
253707946
155824037
44818985
143689044
76355274
158670605
154998909
247511401
136008180
253359426
198379732
178729678
159725032
235871279
195301162
111709266
116495944
155372316
247666840
55171982
193439494
194966323
111711182
155393896
196374752
99852905
105951051
203905610
104926377
191657329
101298879
190517268
177545578
150738986
203951905
262736405
99342765
186816240
95310196
192206748
235853304
207342683
217190161
115560002
