7973497
163927874
108562862
210143741
84875696
32744299
63798615
212048129
72106646
208172372
199539003
100924324
201057486
102089091
201062327
205730624
187826130
213869120
199101273
223997263
188429605
201062486
179146828
179149967
198536887
206873407
45576049
165019552
32192662
73909067
204668383
190116471
130996359
110688578
171659585
171660110
181915942
119221575
58556892
135534788
172950109
104511065
105126610
110997908
108506735
113173299
230126540
68233656
56447944
157475668
72203945
101301033
179152261
209888081
207900538
179148496
187825503
179148422
127868624
127617601
192710769
161410507
161413074
159102137
161411018
192710784
136126134
113198969
251983170
251772920
174056797
70968836
97901844
183354823
74684386
90659446
202490976
74212115
104510876
124239891
20225478
167432862
179981900
89644100
137396511
157825423
198958695
199254117
32192676
41095217
28126623
199078126
188437840
167543383
39931254
134359004
160990735
253426002
72560521
196593928
256302234
251881622
252887269
208459010
198939854
197974049
197973644
213867872
127869016
179146341
197974030
191356374
185310823
179147341
161410958
35763815
32577301
125095969
73204335
115650458
122344524
32577127
174442780
101530999
125022201
41095013
195455955
57767809
129821781
146370692
119220807
195887130
8877187
72712161
73204279
52001619
72567493
196350166
186071576
46575725
186318718
167433103
108747658
187826713
175864891
121229274
72555534
72567488
157468974
96608084
160749877
175812933
46605525
111550977
86129820
46575738
46605545
77108770
72029427
171658776
126049401
186313220
74211022
181682640
175789018
72762137
183270289
230126382
230125729
108504307
190445844
198585517
212042372
249912043
262036048
208172435
208271287
263349604
262816349
263485280
202657577
198536613
252275521
187826387
185310511
203710793
204050146
185310712
252002730
253272148
251267775
248062279
181656835
178577482
204378388
204645635
104510931
230218653
110996238
147560821
160934988
131506167
178252298
147498474
178227384
144220560
155795343
125021272
150693748
108270757
39292490
173672076
44804970
204669330
76454141
32577144
111549126
209175220
253227649
248084901
192717317
191366458
179146733
185310797
206988142
197974146
109134991
179152009
75558936
208171901
37982916
9859912
181463070
72306922
73540709
160990035
185310885
187232970
46613780
263351330
263351445
263351737
261799280
253274676
253184610
249004829
212048471
212079223
216120720
247723032
262784851
262785174
206335846
200624110
207192877
204667698
230126281
253294134
183354737
167393929
204669616
206335794
218736502
249384123
262036091
249974356
206335763
191125470
260920976
199263423
204668585
253525482
260811526
261799339
263297413
252887553
252764482
262785285
262787553
252764412
263410532
210444860
252764431
212053917
212265182
199900637
187825918
180750297
187826869
185310535
187825888
187826145
203957523
203973667
248467788
262783535
68719618
56525010
31621584
44233599
137805683
70719740
41588409
185466171
50228266
114321570
74847073
190794623
198544032
189653104
14436058
205605818
167683121
37737976
138562349
83047493
182587802
127352942
115593785
46241337
75440030
206658532
179981959
71920793
118219034
90690004
169347988
134389019
125911726
175990062
186285121
193370409
76566751
148813439
8067870
146723294
71043897
168090985
108997410
127352815
15670425
131416439
114415750
177996494
104681357
141260870
125790558
216193830
171901563
76478280
143579302
143009255
134387025
75987169
75987297
176685072
109410993
206364343
207750735
145029385
176420309
137667761
144691759
171510865
56658784
208070236
162584169
109413596
185712822
114434261
43842296
79663124
177340425
98825213
178584633
74218646
197891914
262503587
196234559
193419535
203863484
125886335
129391415
