126344836
119218216
83518417
138393493
141541774
154912788
71072543
205257962
146510985
145178707
19719620
209102632
155239849
84670096
203494154
158868674
165894665
87043985
206658896
144126568
174297000
72106078
121677960
74980484
19699530
85079754
46213163
121677895
42199133
165902041
75512095
181786633
113420791
121678021
121662369
145758740
205051270
191150543
159263394
139245695
154729478
74978190
84670470
209386061
203945989
74404587
49461032
181786181
83518109
121622391
114323320
19636461
205037375
197601957
122760703
144134519
188381858
48259717
41882142
225203268
207644489
176416334
248755387
177995420
197605382
166459267
137866330
149712462
143158128
188381907
160072921
83518545
76101242
130320552
72322567
8822207
23452237
207780705
197605434
145184193
154907897
168810269
188381883
83519543
137564011
135061414
70895119
186633268
201384497
203147391
110449896
7095771
207640435
137564267
142837185
31597268
28640864
154911754
109418220
131125441
72116869
136012013
129356972
129392140
186633413
197601289
197602003
29165936
83518738
212260314
182602523
76205275
149552511
72322820
97328532
99040257
135784573
81092374
113419855
83517375
76100731
135071568
149552592
171901631
188381911
110688608
71526352
180943746
167852459
76101744
114314146
81074847
15728884
72322996
184775762
201384508
250431960
186633447
186633105
207782098
134304687
143154257
131180569
133813662
137668171
135797908
83516633
83518318
83517998
72089595
98156403
86061306
86062411
104171844
215072158
228150441
201934265
90195150
154914516
158422698
104515858
68698184
90063445
98831087
117583807
178578072
89265641
199236519
193719969
104869551
95074951
114329464
63044716
198914751
222587673
208621388
141286833
98826532
132255592
104640968
95059510
91754277
117583957
109414017
100148467
147993506
72950197
87241959
101656125
129408180
126346465
125042664
114314024
19273074
58952098
145610626
72872428
58403663
109843494
81094130
73491854
151831736
113420739
112990844
109411989
195456296
154855136
95196217
131177475
52988283
195698598
73193673
60189599
87019731
94774619
146621807
80620917
130336477
155231463
248644330
154913127
83517631
23595167
130412215
73293803
144138912
132255639
197858943
149685070
23452329
23452556
216902254
229700067
155239139
101582771
174655212
83518087
182586337
80620796
247357492
90066298
217520460
95205827
113052691
141272270
112656301
214598449
199196147
104512773
122361333
176506283
200772065
2892453
252869133
68487934
150875817
250082110
249666510
208128988
151842625
95059659
97822276
208676921
113419795
173854921
154919561
58405512
171958043
147821650
127120934
66724644
144312453
67976622
77879401
128866721
147440713
103889917
72802628
84870444
96175282
40368201
248539335
135396981
250418746
225926119
250083046
15135625
83518846
166459154
33323356
178584640
109358452
176405279
90067164
134305029
186436130
183332239
143153236
100485974
90071889
84749739
98827892
176213410
169685451
99864288
209376047
90063688
251929434
104724042
104176070
167645501
109407367
114335453
136730844
90195160
140184101
201115215
113422855
141041238
197596274
202233376
117583848
100148332
153178128
247517717
195450559
129391293
149661990
117583414
84471229
171510820
107139580
196856446
86061278
28289833
215069703
72691691
81093614
170127528
169348147
117584777
193131956
141588125
173812231
99484643
182710629
89714507
104707382
154896110
89519754
141040515
78917634
138893099
111404406
202494938
102262081
178584562
176634906
90070910
72203968
151596476
104511902
117081609
103974220
86066206
112656258
113053079
159211449
114328880
201599240
58920560
33613070
114327010
114331568
144747628
32413035
171686527
253165962
159823694
196812577
203065412
199545033
201854704
109220528
169685496
87670342
58698925
154887392
84870407
205520099
109358758
70442223
95196218
158221195
168811394
141540234
116335040
173815428
170606655
76544557
87670455
171686501
75671889
155233122
78514217
84471612
76483495
197629059
200671256
158651729
205829107
183684485
141588808
182710216
59586792
149662280
202959504
125910529
178505747
74555852
202959616
171510934
117583467
74348924
131524813
141271773
176417302
103693272
177013411
195302463
68165919
9796365
36576078
131392779
112645701
90363325
206781743
100574837
106779220
195703937
145557035
71926253
182710354
68607776
122344466
117084139
230365029
165889391
83617688
117583148
141588616
81091420
195744320
98830130
114324744
205817625
203951203
209421828
203207786
13798416
127662590
72658423
177481322
151521127
158665093
43301968
136037226
203494188
191127039
230365102
247263482
54105448
78993854
145030490
201864442
103891055
113052210
100486814
117585706
113422584
146510620
169685153
117585823
113420255
206698389
169106301
117585548
48346257
171955528
75359805
104510590
86061150
112649144
102034210
114337421
114330841
126339485
114317061
149642832
104162007
142564946
87480893
235819162
86410925
209412172
145609917
194465487
101826465
166083445
163712698
75663710
155237569
167147610
155235580
198926084
130414216
96542695
71100096
74381101
166460183
229808475
96308667
168807159
117583693
140179017
109411756
113050390
75404433
86129991
199195870
167810915
87670339
83519158
83517736
154730958
94776345
247263234
174296951
169348533
207335096
99489958
59286911
138675681
154889200
109406578
71004700
86061231
23286414
220662425
104174746
94775962
73612470
145092825
200768762
200803869
209415474
177971338
74183197
145700319
90065697
107102865
213673429
207775389
207477081
207478513
111402991
193747892
83518505
83518455
83516957
117583159
214076936
99488716
144132383
117583228
165903059
169102967
117580026
199645097
124065502
193637798
71940592
182711015
94035479
167358048
76826868
121678387
191777472
112652891
137668375
203175534
98156267
114314564
126348448
164224019
215072269
104165471
90519352
262690548
104885589
105534001
164817091
155231014
150734456
150850024
72967409
151816230
249589961
253198075
99486737
99482539
99486534
68613935
19382821
155391367
99479934
158417970
83517946
83516715
176416609
143036244
56742134
169347832
195708450
100148377
37363410
154906054
117583865
56715935
153515868
6631801
49664373
254901762
87959407
86076903
112651456
143150282
94774557
114337638
153496480
