111709173
108824626
179161813
83741490
143689063
172919122
70291656
184776740
97555488
131130816
86256617
179163480
197709167
191543530
179162488
143867827
83158705
198697087
262877421
252595434
83190497
99624649
99629048
52264981
249938868
213573960
121434189
203996107
177585727
150738616
177158517
50822721
94365443
91388663
91388606
190425432
165027532
165027534
147445304
203952916
203930529
187201914
257763710
76777823
186271254
183525672
214197857
195482526
191657289
207888772
195865533
193432986
179164168
179163690
147446997
100493420
154903857
179162589
21135550
113065637
195236214
73334351
111709121
110997523
140463997
175867600
184100961
128733566
179163911
184101004
191390920
173872351
184827056
105120258
140177968
133677193
171799165
181506194
67921385
186087434
73947629
58884175
207497754
179163330
155397048
191453123
104163526
83160315
145556075
172482109
172482304
191055924
203953112
247655736
203931261
217150574
99406506
213964965
174400353
146231681
96873814
170487036
157569278
229726826
174315711
121317896
121318202
186235998
250087474
131132087
194966023
111711312
73451453
247345854
85258698
72838132
175191529
92450272
142834060
155391172
191420501
193920627
105617204
198584579
147444022
102895051
188388523
179163679
150875908
175190332
96305449
182993463
179162851
111710054
91388882
176135053
161394016
192174199
161467533
205416771
191658531
205349294
167653106
191658244
217740060
56643808
249948102
253140159
191283004
82642878
104160912
179163608
15672748
82643416
206784013
193720303
187362985
168558887
184310722
152098336
186689618
191292079
93146946
213964957
127014770
76474222
161411159
253063202
146231923
196234603
260935651
252630703
69622115
76727321
179161841
190092388
70980983
119720517
179163489
72555002
95059457
111039610
57490810
91387495
180959475
143421050
105949496
147446548
13625308
83516737
195288674
99930369
147959466
111709918
176135161
191658409
146080465
192323830
107876617
73786805
87531988
124687987
124690664
87531995
63427437
82644333
196296710
235857845
146262880
203392268
235856177
132815335
191516954
83631268
100368284
99511266
52264904
174216552
84162707
171477321
196236478
186689417
171020944
127014586
199730455
163702904
95307898
186191264
197745851
235828320
260938903
155371825
179163691
72790934
83517890
179161574
111710550
167815276
119932043
190565188
165027651
179163501
180328667
188388963
117583869
176136402
111709849
154718724
169918640
111403516
124771529
158790629
91031796
165027562
139004702
81187039
87531956
83517976
254022014
181270492
168812078
57721626
75401037
98623643
104926118
138747992
136020884
136093004
138749972
131135427
69665789
164310055
203887964
192718922
125500308
92467456
151521744
92467858
175836293
204042378
172283198
16236066
99835462
107004598
140777388
167557725
193516396
98657723
70283780
104151960
104156347
190704040
137472064
6955983
203890533
22774390
243044886
172327845
199953077
22835220
81188534
174516086
100148889
83767993
90064622
72575029
193363811
92468565
92473849
73322408
190450060
193061824
140788438
91117488
174026921
87559265
144381258
140787920
101409334
115884993
150840081
20998778
87931302
197624848
224753435
172307358
84859312
48505047
192892202
117084387
192218614
178545023
155488432
167036324
83925942
51134185
105307953
67026878
28150832
91953021
138751542
76159782
39561193
101407643
101409759
56890787
72812371
184748978
150369129
104151821
192290171
193489785
152765722
164052366
69042049
104156824
77747460
49870926
156781153
116775291
152705874
164309839
164250949
155614189
127014087
58178887
130858147
248252767
139602244
189276718
183042872
195865450
81851148
174648917
99835461
21604696
197555035
83518268
95006438
99836099
158758037
173354421
138752676
191728847
177660554
28011637
33311787
75490764
97861165
212054006
76258872
101408876
203913665
213948309
197365644
186193254
204783903
68152745
190723125
126173079
112709659
167036415
193377994
99836421
72320212
190428067
92463596
72037130
105307158
19395253
104157188
190368433
141816025
114540220
126338828
193881039
106913315
245921501
170488436
74325986
173946142
101408475
146291927
87967105
204685995
108556045
99836135
167035547
108556522
192183494
128281924
59400869
174164354
69039255
138749147
201119149
214757534
128926894
166230764
98658305
46128438
185277689
104112201
192182986
81075128
173887052
190359669
108558083
134847531
99835760
68131695
174318923
194155760
71053251
12451232
194152094
174931878
115920745
100536739
92461869
73236605
83768870
17890947
190365851
188751651
190359213
164251213
198336633
173560483
185506009
98663321
83766578
76730286
48504476
98666819
154887701
108557030
125355007
82978951
69035575
192719005
121651594
173872438
71644682
229997262
154892251
192186646
204285444
37941736
104062733
98656054
242698630
106854541
193489405
99483562
90068984
162371534
167979909
98058613
248593164
22439957
196954502
189558617
140776898
102386244
193061995
253410897
92464101
194952919
135675089
191055096
152334752
22559742
174113378
193061896
216278681
128278103
167035324
92517141
32956791
191720644
77248967
84429542
121306651
160682570
190336052
83493282
140783963
251788308
96129626
68138251
38080448
180327988
184474707
91107721
138748475
8816840
72573692
203887922
251580160
16236095
255228543
167814858
68550339
125500244
72574647
91108331
175836339
104675819
112710359
157206527
213710893
33073496
151526148
90414786
107004863
39305124
138748825
140785736
173955481
180047449
204043794
104861979
193511566
192185625
205968893
206640810
107370524
21495616
138758105
108557101
99835108
203937372
175836195
33055146
73785469
138750656
74793038
5741059
89841439
91129631
15238648
32997048
175836040
72574987
100536682
104911484
45824687
117083946
71978991
157240676
193061899
90508089
216205156
