146572541
103098407
129499545
105799692
148637302
95583867
193092553
146574909
138855242
146574992
163581433
95174205
95173849
98371371
98369763
164047044
95170671
146575250
146575328
196979131
98375537
196980670
196976566
254903186
205950270
106304226
146573379
89912285
101235017
105799991
95172048
106304089
253286132
254903214
106304553
262464556
243060167
146574660
95583993
146571779
103098445
146574489
95584429
110367731
196991992
141474609
262851542
259565638
141248177
254903176
263589616
254903232
146574222
197512649
262718336
262450948
141367808
254903206
146574981
146575186
259512606
207314163
193001137
141472500
141480037
99869828
98366589
141582451
129493698
129496128
131571444
135900852
129496466
98369555
159241669
254903405
185842210
198737460
113198107
258863121
255109730
253389019
146573072
254903437
254903361
98365877
251755551
259076773
253392132
258848256
258863170
146574141
198737019
254903377
262699560
255143799
258820584
253391628
253284861
258863184
258863197
258201445
255165000
253382928
146573015
146574349
113125508
143342015
146574393
148637168
98369450
193093152
108267748
258209268
253386564
253285963
253376746
