225910677
128783517
111197428
73772811
181698978
201670142
127076296
201516443
201515971
201516080
201516059
215996721
201517207
253280237
171518888
201515477
201516588
201517575
201517132
201516009
91848566
201515572
201515715
201515778
201516310
253277703
33089437
122872389
201515302
126533569
196889415
113935112
201517239
201516967
201515695
201516616
63175328
4036225
201517339
184920441
120372016
173808341
201516242
201515327
201516344
201517616
201517667
253277766
120338343
93175674
110904985
95276234
201515457
201515895
201515926
201516930
201517856
201516740
253280773
115523337
196889422
253280704
253278788
201515261
201516868
201515906
201516668
201516606
201517211
201517919
825270
184920437
161242022
215610920
131506234
201517463
201516380
201517308
201517929
1066106
83748891
253279505
143470038
173541070
101653160
253278094
119467616
103223688
115524021
201516426
201517571
201515218
215741712
201516314
201516986
59228038
117236152
201515708
201517480
125492242
126526831
180104144
180104203
201516776
242716191
215741619
253277927
117236077
107482074
68124940
215741695
201516212
201516763
201516445
201517326
201515860
201517299
126528386
128790108
201515759
120427849
126526030
215720562
117236260
126521904
215741608
201517124
201516700
116406696
253277794
201516073
201516804
201515363
7999631
140971484
68124808
253280932
201517163
201515658
201516435
129417040
120339637
89318947
253279146
201516218
201516863
201516762
201516460
201517273
201517399
201516368
201517008
201515659
89318879
122870202
74190634
215720771
1066052
110972156
201515830
201515219
201516338
201516822
201516851
201515681
201516390
201517128
201517112
201517923
201516942
201517662
825450
140991076
166417100
146924612
68590728
45339515
124273130
252259593
89318857
253280481
140990376
215720837
201516836
201517910
201517446
201516541
201515221
201516576
201515407
201516715
201517880
180104201
180104139
126516283
140983871
120372151
103223675
129527962
253278778
84743862
253279659
253280442
112791410
140982108
102796709
89931605
208662689
201515599
201515452
201516453
201516014
206244700
201517620
201516211
215741664
201515480
201515362
201517954
201517694
201517411
196856753
825528
128792808
253367741
253267189
253280192
180104211
201517246
144269041
96459375
120372131
13140903
101643234
145762650
111031952
253280578
253280115
253279232
201516117
201515228
201517084
201516794
201516638
201516486
201516848
215741559
201517364
201517920
201517550
201517710
201516867
201517756
255653577
201517515
95276175
128792692
23397954
119064131
253279735
253278070
201515551
201517043
201517057
201515706
201517859
215741578
201516008
201516582
201516673
201515657
201516040
201516962
128785007
126071843
201516253
50413183
201516000
180104188
100917785
166417095
120339360
126522091
173808330
72571011
208745567
253279073
201516215
201516754
201516738
201517450
201515833
201515721
201517227
201516792
202769914
201515996
201517921
253278722
253279355
196029300
201517381
120372168
68375047
6598261
177145196
128789164
252278393
253280863
252857929
253278747
253279661
253280414
253280785
253280043
253279346
253279024
253278286
253279029
253277753
253278051
253281046
253277700
253277758
253278735
253280358
253277671
253278265
201515916
201516706
253277693
253279342
253278891
253278693
253278389
253278288
253278477
253281054
253376131
253277697
253280491
253280213
253280985
253279933
253278974
253280920
253280888
253280903
253278789
252866234
253266723
253267549
253280245
253376139
201516138
201516692
262049546
201516906
201516798
201517798
253281109
253279041
253278074
201516270
253278842
253278488
253376166
253278930
253279457
253279927
253280222
253279932
201516919
201517264
253277809
253279030
253376148
249288804
253278402
253278043
253278398
253278700
253280272
253367780
253280844
253279995
