117083308
84749445
134387629
157600358
177643016
181114859
100489720
153470671
129394014
138503809
208430733
74892299
75954844
201694044
144239010
205181915
37737142
84749364
167850877
109406879
174931161
157713905
187511494
173355562
87982688
123927251
193367276
117155056
201307036
202595864
112645014
133892839
213039432
84471774
199218196
15317985
175718431
144631516
136581709
160517297
144690079
169347379
167618326
71349663
153471855
167215696
191124707
207293106
92167003
114429665
72512842
116903907
75513738
207777538
52417249
107336061
140218125
207294967
134388108
145030386
157414597
107335982
146512829
170147866
82298615
91754247
66708141
70491245
155202380
178572853
204988851
142362649
154911487
91753979
130873753
99838588
162100270
164986958
130012981
169348949
196068453
114035703
213488325
208127220
35325643
144238571
100491143
87127475
75382506
161461236
202804116
134387651
71160248
167850947
153470727
146984035
196068793
248276970
109358927
193639230
168929046
165041023
163896816
206653256
176634729
74643137
193423695
154695443
91160970
75987174
140458206
87218329
176416986
114429856
68607755
111039868
101370428
167616428
144961125
189336681
145092433
171510826
46601357
153497034
8067975
82379599
84583837
151843841
117083047
155234691
44058596
262523665
5868367
114429951
92511701
87219653
91181097
170147804
68615905
127352317
76239633
167854287
141275343
72210902
166346637
91404557
193180846
141586565
147981244
90690271
202422370
162032585
202384746
140865462
16154027
198308720
104512496
109816977
158656838
198308487
75412947
68759328
301787
204255897
175990776
81935344
55513647
191373724
191373757
104912005
84471800
143359387
97553861
198467581
104105474
216975772
144126103
166412267
121970685
149153966
128287054
194960564
127352886
109359466
183916602
169349031
121059286
146504746
127353069
175991971
167618638
109414710
84749544
167619841
207773162
55940863
151845373
83157262
98156921
83857477
192668277
193334640
178585562
77736330
76359671
126127137
201615905
127050474
90065419
96385184
181114906
172942939
242634433
75832191
186285082
111039857
134389830
80935515
90065188
182997529
198672448
169348646
100490549
104511613
193148753
114055827
82302637
168091229
158657418
96148630
66897847
145557128
79449711
69658726
207839827
208912651
196815454
176684272
141277716
144138612
113065152
104106166
84749161
144692001
127661098
171510867
201306584
168528522
189171934
185465499
207774851
207775300
208093824
150738191
31688217
44054926
49654748
80647736
195302476
178542246
95059674
137667604
169348595
144124582
196189841
173815011
189654466
11858932
179135539
164010884
4043697
157414478
186436437
78989347
154905943
76478657
117082765
167855782
126127049
126127048
146566372
82900703
100487224
166412549
162032546
169348261
198768177
131997896
73262552
141537751
136278638
164986055
51462820
195949890
90066726
129574605
151921669
151902769
75664088
56689568
193424965
144132066
156188999
68994760
74451232
191124746
82895773
146509963
188845309
176293033
168577516
145247561
193367314
157714011
197293224
196086089
197595843
137667145
117605306
162032571
91210697
33519463
140865473
114429901
153471720
141586378
193366437
141272479
134388470
242728099
8058375
140150859
67309975
138491828
207335945
174009000
87241905
84749110
125172289
208123001
207295183
146502971
157205787
91249452
153471535
192167707
46214778
190123063
183513950
127346756
145977719
67316300
113050413
174842689
135272439
146515251
127485205
137997407
193590035
125913084
87220934
167855446
151843745
206407533
196096488
166232228
178584874
90689346
186285189
137669434
134390013
137667230
134388213
195454017
193099378
137668245
216976116
164986176
31687416
164986551
191219778
115439042
137553852
144692976
154909879
109413854
162030289
177623367
167619927
127050654
197723582
158658161
207490223
249240398
109817170
207767883
126340542
49998401
82298903
213721382
198426920
208216840
103543068
15317887
125910663
207698715
73981131
192643886
140922222
207240510
175995526
98555458
50570768
19729676
188845049
177532820
104703434
201616046
104950860
162032597
166412587
207493461
71467589
79285317
176310557
138174933
183916791
167850915
73139027
162030468
176292504
156936864
146511791
158184470
143948957
162030483
144127135
194958443
46636519
196154743
46698888
140840942
176417532
117082874
114430062
90688842
194825565
8058340
68881032
138014943
66707815
104712771
36334995
67536954
71941978
41072227
31688969
191918603
127346902
96147467
136581689
95757643
193583974
143967597
109407491
127351854
76582706
90475828
82895716
141285290
109414941
190153159
80646111
193366382
76293454
201306416
199123416
174295721
98155183
117402468
68789243
154889123
66968527
145977827
96148572
186352198
192462809
95053975
108364701
68881350
48093987
193421335
152936549
126127317
79663100
145029950
75987462
153471824
174842613
189653157
130891879
76795912
186526860
135840827
129397419
172942943
187511500
187511293
186352423
192729240
203402746
183920649
196517942
137669413
207493145
167645323
195873002
202006977
140426851
203402924
201618262
90689038
96384578
117082710
114429702
109359624
79663117
78282666
190794624
151779058
144691073
68376676
208906258
189232395
192710205
71742758
71921260
193367336
112647087
177374222
158417762
144287173
171681898
165884483
146512203
186436226
208910153
115140928
81091838
163896832
121735600
127352266
201867429
183920523
100489994
177340042
162538330
113289939
145977789
147882782
137232339
118763432
104105673
167616320
194788380
176310537
196516163
207771794
187511279
204847927
193745847
201888550
20551480
129869549
129869476
196189437
121660634
206288682
193180845
72656602
202959598
202595865
91250094
68892765
134388743
189339657
153471728
107335950
164986466
112648424
109407180
162030255
166412575
84749750
134389232
194101469
198543116
177996965
28619252
178595219
138119587
44800367
115444847
176292444
164986982
