176156660
136046893
89704732
58440656
87053026
146713024
126508139
178228139
122183471
139143249
152805425
175655858
116594854
112783681
94380500
118141605
94635385
84765340
157124870
176247071
167482076
173581879
177552394
95967196
102815961
139140533
155179376
97885332
118155033
155193035
125679883
96501147
204646953
75661432
197742816
197743338
95249188
96748207
127050248
192913296
200001800
127868617
216007912
198351833
157063486
204932604
192113622
49255215
91969994
196951871
118142634
139730716
185333612
157043996
95038718
178078261
85008856
67474683
191821448
108572023
77032322
97941774
127964436
188951758
178102626
114518797
205819469
179399546
179763682
179764021
249238886
179399467
214599882
179399433
184815008
247413767
173328070
167476818
179763759
184815771
191821925
179399506
206360220
179399558
179763688
180604686
248196781
163831230
263303401
262043976
183101231
261824577
252764418
253395148
257857565
253394937
248251069
197974165
205978669
187826759
198352150
202063996
199899416
187825347
155235963
187825201
263407548
248184591
249881894
244302470
179764369
248745422
253352391
220678089
188952011
199217658
263413711
208129730
243244631
252002620
122240502
198352668
198351229
247723060
257858109
253394938
249227862
255632848
252764489
252764365
19485136
178227187
155190628
179763841
179764046
202658965
184815818
180604581
179764161
72799823
262292993
262299806
72800001
209856366
155191990
262293044
261005909
253352364
127942574
155191488
184815450
217781248
178227236
221712176
221712555
50391252
94567609
179763658
180604636
179399485
179399474
179399503
173328008
249027255
163831218
175793206
202658057
263075463
248593230
261824271
184766641
198698944
155233150
204009225
248251092
187826702
155239431
220682528
251788825
255623215
134976536
114430173
134389506
145029606
136820280
73570866
200768051
184242873
127352761
145499565
182297666
109934617
60848341
36079551
193056347
137667037
168351311
196377048
75632023
95205136
129499270
112990585
59464773
114318427
155789851
131524633
169515050
196369948
75440005
134826056
126010201
72973321
127352194
160169481
79863020
83778018
191821084
109923295
195470676
178577510
147881643
72217519
71754420
131023925
146924457
102687032
72464427
124891589
130873874
84750029
199932581
112141252
73499823
8533806
72902870
32323159
109843499
117901490
81121996
54130964
130104581
194498317
196350149
199547461
101860443
125790439
112251473
102743436
71919701
114055888
11894062
146515173
37883455
109816955
76682497
195470714
120352094
183343984
109359122
173837200
140125512
71206185
89477931
121027155
196905335
79861493
109843473
204388674
87217008
122301128
109933030
205820666
25310962
125732073
105673887
72281755
66704691
125858279
101840873
196350089
130104594
137153216
192694494
101090044
95054265
154890030
198764486
134976740
75622037
151618637
57160413
41388045
176292824
126677076
148845189
167613165
98276819
129821496
96846587
133893770
95204897
76099517
91530852
79862105
26344874
72740555
195798048
109413189
173581197
115439905
114334174
204252303
68440936
201508709
188050600
115594207
99838531
169347619
137669555
145030755
64263822
120459752
73438742
72299531
145029817
95059535
196375063
200847807
197696323
206185434
154906456
205533038
7973495
141541505
125710909
66611327
71979669
86772431
67208019
154477231
126010093
73353395
167617500
140823350
162126140
131020016
136120925
127366092
102639268
176416392
178511328
145030583
130104668
179982977
193720094
205955241
125856532
201562052
207852534
213557333
108364902
72040019
174295747
90065774
158672803
206240376
42336973
114273015
121597704
141272136
177723283
153505947
179982924
71636984
12308490
198308535
26115312
125923407
72728396
147751632
138490937
123873297
71511059
91250162
82895750
87789345
175996130
146503915
137667540
203983469
205533145
68279775
138543163
114415731
198543198
145499586
68231149
201423025
