254146888
119989957
119989733
262862626
199993223
214495504
214203114
204562697
182133721
249173972
252586342
177892198
208106699
212937232
204831417
130857457
130852314
137998916
203905240
193340934
103886721
1725715
119989696
119989685
119989830
119989889
119989725
117975225
137678186
92627054
189466260
2000489
222604460
100311175
102808550
91550649
74892478
82908718
160406449
78510730
197211874
102809201
130390174
204953974
73534693
147102142
102809503
83677413
161427406
195303193
176219094
176218645
252630177
144225073
146979783
143112493
143112557
204450572
75410559
73312782
85561056
128516651
120499867
120657158
155338814
181362860
140964661
252760984
197337373
251254026
204625683
208286438
248989902
248986743
193586375
198335896
143694542
198257992
198271480
207755819
143909449
252415153
254123674
249174019
201926919
92626804
249173910
199993870
199974190
249174021
249173826
197777851
197333385
203226713
242787737
207206906
259482378
205370770
253407297
253409208
200686834
119989809
199518252
84331166
201927295
74291693
92621876
74991769
74994352
164435864
146391610
199975935
92622666
215223641
142458207
72121026
70933803
107961978
107962572
165963320
129285157
204954630
204888112
161842066
202963715
71905985
143113254
125182559
176219277
136692497
73287758
147101125
91128266
197333400
190127505
133000637
144526678
204660065
248802037
185949512
151748252
47204524
202388001
143113169
202395333
207755969
196320293
89583652
68682970
120499775
128515003
134521990
146778433
130847854
143893477
220865574
198241165
185655947
143775131
185603090
247806510
263338618
208010276
201937162
252586323
249174054
249174101
249174093
249173896
183070487
92626137
74992164
245977557
253211532
202330681
212317901
243006575
249729745
243006828
248982709
207755683
193597592
120657054
185655896
198269642
113208824
119989827
249169870
249174070
249174032
207239707
22195649
103404371
89839646
185931884
22195528
22044336
194164894
105127078
174397274
181926989
130437329
109936816
179523010
148842660
215544384
42616233
64416506
55357362
182549182
88980170
24533881
52678079
13405975
177998719
76047732
101870840
58262843
114731752
22195710
11245943
66512446
193840248
186110085
52336574
48649478
56086461
21929096
148844275
185440633
105711419
22828238
22172094
79638011
22513905
174396964
168503152
93317046
41320899
83745006
131260632
84166858
133213996
22195101
6038885
94894067
13771535
96083370
186156843
128291987
96212299
157042608
98161628
97043254
230081327
173445521
186260998
174396923
194115522
7920390
109355553
147857893
40822929
249945077
186255477
203927318
15348486
192582158
58166007
22828379
11058733
7189385
133214143
85178571
173632758
2574773
79414331
103458370
133213817
51500178
174179918
94997536
40811103
96311906
213561407
105710673
22030090
47232538
41166433
22388659
45606140
160830626
134392156
163707411
94901084
89878546
148715940
13699008
220671523
55133802
184281607
172275386
22300119
47101224
6038905
46695546
75667718
77986284
77895135
140379926
45606254
165762252
79241821
125658577
84173672
51107442
179549299
193511407
105708619
90273082
170174664
40807553
133857014
169818860
43514541
113558893
42586984
185910371
138903478
167963024
246730395
250463534
22670046
43932058
128291891
188963587
130437359
46622971
79157109
20140122
19443670
108974034
153773587
173800256
10333182
66522584
139785101
217571184
192679294
109302668
242712595
134639864
22175246
90801375
195715355
25621272
230084656
118989591
121309008
96625783
159818983
116042491
45599413
247679001
74177372
182549201
3720633
178831285
94637472
261940784
9047387
148842764
138900643
112694843
35028642
86024294
96315314
63641581
57830218
13159099
59452514
249287390
55137130
120423854
155010120
13998320
76672139
198779105
173820002
102463314
151046394
200729006
185441584
185743997
96101413
103404824
206873500
82433623
76468488
47134652
40822576
27733727
107471291
22047110
159444643
250081803
95804502
90450555
147992808
79648463
100887633
141653855
76449627
94641521
106313973
129219883
198091818
170276047
97063606
89584926
206084119
207271439
162371896
174114921
170270914
178779554
76474190
7439691
128293536
186256336
52133560
247418963
138856363
133852019
148842844
148674779
82436408
35029026
167962813
109356414
186255390
251274979
114290944
115770423
90103425
57473869
6870631
21929005
252634618
139144627
77132851
109936594
46246660
173872270
22131959
87578573
31698280
140879712
82436693
117495785
16521899
91627711
182557502
116042274
41882807
76047900
96312361
77128177
138900422
52738623
109485002
22828321
48649449
94900620
83482546
174426995
96288159
56183401
249645180
82383810
98162513
76030045
149784955
247938816
133451947
47462126
46620902
71091452
83616163
202491043
145371200
95737646
71326449
27733791
102550932
22099996
171448654
25102874
109295575
88784889
116006176
26708390
107980041
77752589
76672423
177920374
117496189
200010453
248066284
116044669
22828846
87706171
22195127
52579746
50692697
185441610
105178409
184517116
58434157
117497059
22132791
202345493
139149070
51924218
175539086
134418688
23599580
109310777
165210389
171890262
133688379
148844373
74888120
114775442
182104452
110135392
122088442
47134551
48936247
113572650
141608233
83617592
54411757
50414281
148844287
173432915
138563158
123509404
50297670
173069344
117495776
131338407
35155175
105712921
177058966
74919083
221514775
51840171
14499758
96476560
22669904
174396836
193888194
97867668
48057365
143747111
66548460
116006985
171933327
188545688
45818418
130032605
108349047
133213881
89785760
159444744
173097048
123509675
103378304
86415212
192010962
157201295
82434371
135286523
133214130
145605515
89294911
150611253
3720681
139148353
146271520
113714764
98084529
133853803
72694481
230083892
59102754
205527890
192014497
217764974
99100564
226884997
105711433
77639056
104010760
41320316
106313742
148844207
3720753
124911307
219152019
202803984
205710412
109936771
182551311
58085996
171745650
195470743
109356726
59385965
176605702
248724721
178331940
159486223
201163367
152785811
96313362
147696519
109936650
215559058
167965584
99518970
27733672
175905116
154029942
101543025
176752810
73984466
57703506
85186735
22388790
205714958
133854911
257779694
148841635
148842959
98021603
98116078
249490197
22488749
148842522
148844937
248162992
171469477
