68460761
52649429
155239201
148703395
225195139
119245328
121411363
192935778
48485929
187012570
67904777
119278198
121411601
121412293
67903479
2146953
76596617
214961182
157538199
185226603
227527672
202852777
105333508
180959573
180390347
147443802
117081687
155305796
178776328
196427954
121647669
29566207
162997596
172801381
184986012
52412056
180390576
131123555
24355019
180390736
99490621
180390298
180390584
196197409
178776356
108337240
90033184
156648529
156652640
176151608
20825191
101532791
94562470
26104056
146232912
99488540
81582761
89269431
180960154
29566237
58233151
71942097
82902347
99835581
176081949
176135936
29566193
140428705
67165284
111586663
217427442
109834899
100128720
93051112
87446890
87446806
68404627
55411413
48265486
56958321
56958910
198261943
90743382
198261944
56958286
3969847
9982864
139003306
199596944
167488879
180958874
106608368
40718679
144232128
159125778
260071495
114334656
260084175
103354890
103749499
154894758
71934912
109836091
95132247
108773775
171621764
121289293
209411191
83676973
158983170
139245290
109835760
157322878
143036957
193890945
117613612
136839237
103751072
157579429
103751720
114327797
198939664
149567193
107974126
86542260
103749425
114316733
141839360
73214420
94199343
184319167
200692456
179151701
94199387
103752109
108799592
180917791
109836314
95474451
90188627
94635710
95473924
103294328
109836364
180910869
103751710
209430549
167596552
167596458
114288218
212949862
121284205
184790696
166007832
191800941
154899867
81092684
108801346
103750309
109835758
210948036
95473680
111551859
81092915
81092277
167124308
180912567
86541457
176246971
86541256
180921006
86541671
91020349
109408601
96285378
201887477
158650324
114327226
100485915
74498142
103749022
251392222
209406527
209408773
166008050
166007770
168818983
141539589
81093993
144134004
13362785
108799878
152897420
108799594
159438265
121038154
163875638
103750967
92050651
81590825
168808046
167123401
104560114
126339331
114319012
209427381
209432104
166007761
109837321
109836822
130741660
104708803
152897601
90967951
179932283
109836915
106756874
131290582
85296925
180917233
103752146
159653413
158887370
174438909
127868825
118196320
151978058
180308421
260086036
212332390
203517005
263510522
263510478
253630644
251254272
252102055
252106758
252588546
253890813
92716106
109837092
