50273788
94887645
136363961
102163722
22939004
38132660
197677953
15068685
25307415
14761125
172268785
3924857
22299926
133786438
58104207
3624007
66672784
197886309
22876758
73090243
20959852
36667148
14929014
20445393
89879051
22604882
9825898
142815575
72688928
173409663
46824045
19587473
3416933
14695071
24053163
44011577
70130425
137564048
208295529
161033843
111655022
171070642
176819800
2342895
17486835
112354464
10370790
44344492
161032378
200768233
49954386
114174366
75754871
196486711
162395650
114351710
53519504
2044627
2494055
57438740
57269734
51717825
48648872
170926100
104395182
68298710
184614624
35521743
137978428
35522162
204066863
12489904
11912159
90919479
14503524
24183191
22507726
9860541
174025074
48209656
74978544
65023938
183901816
49730992
24030536
197709713
13878883
14307298
89878877
102143096
172482224
26867635
96318901
99870574
114153169
9853525
111656604
144368272
204066891
116097040
22631805
125946190
44727712
35522105
191899955
169437334
106242350
11306808
72518684
22056608
8035844
7837218
108131005
106242113
87560205
111704914
9666727
24009718
15509069
20131404
161033761
138137826
147988367
202216968
10750803
142835933
46054338
58310497
92817327
111695674
35498187
147369235
127568609
83787962
11578124
160607219
14021797
75592917
22917145
130437819
25305831
24071263
24044848
24041485
48509114
154260995
13855971
191822516
111695697
20174075
92024963
193577368
215123550
108190169
87055404
35500493
39088071
197821983
17449241
8708512
197990482
115959485
193642888
22507754
35522817
153364216
35500099
111695324
9859265
17010117
150385855
23446653
205305694
26142731
19654495
155680021
84776114
58208840
25305399
35514329
130422585
161030297
25307493
57910234
173759577
107543069
225911057
199646971
215206049
14991950
800613
902764
54751825
10369867
22046297
249031447
25308020
10151350
20085186
11291610
178506525
183041535
49734223
19239184
166436068
30034278
46631133
35514441
12475384
115141828
3605453
57746397
72753818
193638697
111653142
11442101
15100656
136173415
67932605
10575130
86276050
110915018
19244104
115956973
153261007
116330578
173766784
25310019
15398443
197416937
78045695
100430746
25311143
44725303
45848606
10933532
214101029
87554416
111658400
53542460
8579814
153260763
70855385
3614523
197740028
73856667
35500144
199981938
161033838
112206719
53037679
9860361
12739904
90582042
108214497
201892682
201841814
69749016
162134479
10393233
69689871
187888689
153261336
196236504
25305789
90919348
35514547
24020922
150789129
22616451
100251134
148021061
22508152
143608143
118584816
24423021
86990697
22913065
20932634
21940441
25305926
22935276
15099232
22507413
243088946
127704807
184113102
51654599
1811973
86337662
4587889
204433225
15117041
11450588
10108114
20930856
22508084
98640535
11314445
8146137
115708129
4615711
104847008
116330691
24029983
208296267
207924260
1743329
150939315
104860992
9926533
24287682
44714210
168772043
72036676
108215036
89951726
184770658
201877473
22631927
197597030
111033595
73731254
178506419
178596195
135077232
22507479
92370690
14959439
161930282
35514735
24161151
11343144
193702632
49735875
22911179
78045264
102142431
12695854
39088176
22508209
22912957
58399209
88778140
108215262
10043542
12451791
149500227
20346433
78047248
35498796
195257606
56251133
208525146
31825119
160356602
132075637
35521713
22508106
90720677
8037023
90919321
56209103
14499141
180916711
13514863
76739558
24065665
16330026
35499003
22508175
197739060
102142386
176751365
142205122
46825266
9841702
108214695
201847360
72039599
93608985
36569978
175949874
24060809
13626184
139106980
10062903
24031117
68513911
45377748
193715347
20774031
144368399
25309016
127568187
106242223
70128775
35523986
19637895
49555859
136678914
13334972
4586809
22907405
102142123
68154670
172203913
193642945
191822514
43039943
87962022
178780108
209393057
9592455
59212485
27609611
142556611
171144870
43040858
9504284
192327679
114151059
24041929
35498532
89879213
10143724
10028536
8708034
55323563
14955959
112206242
199200453
21924176
35862606
88800559
50274187
10283922
10331076
45831368
90223391
51110116
108214922
243096297
23785659
888299
35522810
161032866
20932797
38998152
24014109
68917541
84547845
14674232
180919790
125945943
44027284
176130454
22055497
35514511
25306067
51130174
35498259
24053387
195947761
180920454
35523171
22939261
90100845
98907375
22617788
21924162
32588814
44346903
85047318
28734760
22913091
22508126
40438489
48117952
74977619
120471450
50377921
149980089
50385714
248898033
37411394
22507695
88798705
13335147
179929722
158143485
56599134
164774064
59242601
11381075
206241208
181215472
100549326
50230755
81587588
10574959
107658182
162134324
57913150
55521000
8162531
10324286
51852970
35524199
167437382
138604256
90720015
56759034
25308063
59527330
88084325
35514501
14977825
172348196
2916699
217187490
92820009
23648022
20932894
35522833
7809362
136678606
44989963
23845482
99055828
34155291
121026988
50370574
198311683
14904056
249687091
87549757
22911172
35522898
6714885
35498779
22935257
31404686
72890480
99055876
39376680
9859519
50357311
174396955
173463665
32932241
32411900
14968175
104559421
84742245
27727673
16617553
798835
53546919
130726935
21937661
57811421
31710376
174248129
50386644
133125727
49736304
12426740
92370920
4586773
22507608
160356612
110911668
25307852
22616805
24032343
22616984
219136341
148808049
145222487
25304716
72540036
50214825
24068022
178777085
94561633
53055447
50377999
24015260
24042991
167959035
13334332
51335762
158856603
35522242
22616140
106242763
4586467
160834877
9957636
35522159
9487369
72973553
48209501
25313996
49004441
4585179
16341693
89854601
23443911
25308287
73160371
10933528
902906
2494131
56409356
21239080
15100654
17926625
13743146
56812879
10575111
69704214
26209265
35498979
15390526
15367410
7837200
11287550
29190021
24029890
25306543
35500210
13553124
48649476
28734811
37035103
4586479
78046852
10825921
111707970
22876495
127568154
111695357
24042424
35522549
160356586
24019965
99055643
22908450
19853306
197367778
11780505
11464537
166410065
3973399
99909672
204067276
45447805
191468933
4586819
174175424
23831041
16572298
12734420
58413229
57440177
41067167
902816
207190466
35514797
104721302
69644738
136363949
201877201
84872805
137211785
131165976
112928338
185679707
44237915
14253930
2680867
176076153
9734669
35199507
188930285
81758074
205375951
248888858
168503825
155638682
1811883
37170144
6132683
59447635
38132137
186072905
9433726
26349893
70192451
122851742
199078404
37174811
113401680
63631270
102142890
170373127
92370180
54426245
56446761
194003618
15241909
106242282
76229807
41232225
14975474
166135890
49764523
36680888
19248432
101860397
96399415
108213155
206641218
38067750
155705099
57598621
154234971
35231034
10178168
121203912
46179832
35273142
21370995
34576723
144321340
121207176
12515799
15801394
190469264
111385521
54685423
15424851
10811478
108212848
20103710
169927619
66681244
81758361
8100487
197184987
10145053
34918727
11050274
58193090
80619095
122311289
111056023
118584138
169312142
180934353
16862540
117578410
81757726
107543337
101269891
24548092
77698869
46773954
15100669
127461281
72804637
1812177
10223321
59526241
32389200
155788827
20302278
72802278
56541145
13174055
153547493
35233678
50696158
48673305
46341144
177897440
20851327
111385494
161019644
78046199
155638833
66673087
106242279
44114466
33622949
72746331
58541069
46600905
17477307
66202799
