8896392
90762930
9443065
132137825
15553132
97333365
15543567
90783908
90786997
178004126
9450413
102162960
102173303
132128685
9436037
132126526
132131810
140823091
90769957
90762320
90783103
21317388
90776258
84228177
162055381
68601599
8934694
10698950
10700618
68856795
11972705
10700065
9442018
197830004
10816498
97929869
8548951
9441438
17580188
8878383
10701322
90773202
106655850
156648602
75511929
10963853
90775135
161470524
68848864
8934254
9468550
10699906
51534760
8869904
68848295
8879695
9472969
90784372
8934139
139059022
8837295
90782898
76171966
105336515
198724864
126186945
9445490
90787913
132136401
92465223
9468030
51534118
11522675
11976924
9461684
9448432
90769091
9438499
207328253
162054712
90775017
140823584
15273994
126184564
248268875
8545572
17579642
68856592
190371294
91953057
91929431
11088486
190363237
69054239
140822688
74330773
151946390
153631259
15275135
9470602
51535760
132140067
132130172
8878020
9443336
8874350
97482348
90776959
198095558
101579130
148943223
140822346
144131357
133859483
127485290
9469060
8545122
9467243
6799701
68886264
9469366
98120226
9457737
10816626
11670212
8909176
132126269
6787661
8597017
10699737
140823000
206503079
8546037
9482286
8895989
9432492
104156059
104151890
59396933
207042589
190365408
56992468
68662296
204425750
173486487
68888060
97866669
100532050
6793079
68850551
11528072
11973450
8549222
8838402
8891528
132132365
15274591
132133044
132133257
17580480
132128495
132131871
96239271
194181888
194124995
194125881
146382157
96238899
91945866
68853999
112107783
178004007
161472956
204876398
74595957
195233822
206502805
8882225
8902687
132137191
90761850
194125609
96239276
96238393
146382209
90773695
8633113
132123277
132127713
9472297
9439393
8547140
8546640
132125952
167213243
96310682
75510236
105338348
140822690
90788655
140822759
51528174
90791910
90786261
193646699
90769928
101826268
101179626
74033686
14915019
9436732
105122683
37741979
68848741
159484738
9472195
11975441
9436524
37742032
9438770
132108839
15273828
8934037
8913418
96238327
146383259
68617540
91929494
190374307
203774740
190369056
132128283
208905704
197220365
154225231
194847380
203760053
68644213
140822565
90788725
206517217
14904904
14913096
132107714
130391846
74455951
162054299
76176218
9444874
8634229
14915061
132126422
11673754
6797895
68660550
113512114
8890064
9469009
90761814
13690321
15556694
9451205
105336705
8870308
68854365
68660926
8835893
132126951
8845854
10701163
132135725
11976032
90778867
8545495
68852717
9444980
83663837
74032570
11023531
90768753
201571725
132133934
132126001
84870440
8861490
9449758
132133758
8547215
132135254
68887723
167212385
11668562
9471067
68850446
8543562
68661401
68852284
13689502
9472451
132125705
8935188
8913855
132136076
90763077
225919953
90774360
6860249
8911707
9471424
9466835
8892557
175792551
171570595
170483023
44664319
19447782
111548506
185333936
118183742
187389986
146715251
103215951
127994890
247460854
97361983
129427556
104793040
146949242
248891512
183554776
198126443
137458757
104543494
104543298
51024364
89705212
97902239
249032745
244317161
249388878
6991643
21097123
105513153
212263609
195124820
115936134
209886183
202243067
95111532
184638951
96446709
109570000
178461005
31993555
144269119
78879772
84985042
99664264
196671758
104794717
101094389
214497234
167114184
92018956
106521577
3146291
3146275
104792323
155794858
74342785
172535616
95181333
103215555
97095584
165211929
186862070
185841963
106792924
127028573
124239272
119614256
115125616
151422395
118116919
51367839
103124540
142778683
204291715
86750116
113056945
86049841
153677554
175791925
73344921
113058712
193855967
13606102
73408123
66743902
38150888
167481974
208292852
7166595
198127526
104791705
165176822
59469216
210400366
97681797
213714355
106771166
74439423
97685241
183058686
82905115
97683758
193330000
73278835
164961278
191542852
121253282
46250423
73244551
177058579
188134497
154781626
107056569
176108096
84119398
83765673
107056472
192801978
103797449
130655631
97362236
193904238
71929064
74864797
166532192
89479706
189931703
82916256
51132201
167207481
121400832
106750367
110693504
103215969
196424251
24198792
155268118
101949563
225970550
167478938
167476945
192704889
56930874
97730654
98604460
165205422
177320879
170323911
161904678
24618371
73484279
53050512
103388378
24030500
97755383
157431916
74163057
167482502
108915574
165844516
221237084
101949408
103215796
186448897
162574867
88791499
98599085
138890136
82880654
75826188
104792309
166118146
167479383
73528213
161265815
168312029
82700771
111005927
96272092
167480552
171854041
119417250
37833320
89479501
157501361
108915637
116777140
105735831
105656761
98604419
101095509
161451603
