129767196
122560987
71211102
1056020
19255917
9359573
1708325
50330104
56262588
171890602
159275686
176456820
248359391
192986193
200817014
15532930
93828845
138608726
119943535
114760219
13196109
198800254
242498612
121746054
207862073
51049001
188009074
193211430
74628385
750838
4995913
30040372
242483080
13377150
920898
169716337
57419700
15183428
109088295
82491253
169716857
206845331
100989570
27536607
172372698
32215604
70844560
159276092
158223936
173743261
159275668
150910271
4984787
205967626
57829716
77769939
58174400
56956521
96311887
52076594
140898941
203400050
52217796
52218079
8476682
93764366
120480536
150033991
174173169
136713066
70680889
212562089
684349
100264830
2013287
1708313
159276707
184099177
254077561
159275576
164021940
96312792
32041750
162772204
169719218
207272485
95547481
109451221
194212180
20650327
121748610
113484947
52623215
844400
844364
191265833
252103558
160903261
107360975
122564433
50245827
164021799
207280686
1829863
205966298
51903913
16732420
139742454
252105991
185089167
262043622
756577
25935654
48661275
170515062
684357
189464715
254077506
159275979
159259254
159276313
204072100
196280450
196360690
248355646
176457745
121238409
96312200
208296913
97876528
100265417
94410633
3602691
169716311
2780667
52076442
54750570
40922505
192013080
225922075
185968086
81645020
51477671
51477650
169719224
184982674
191363379
77770170
50325266
206536666
5456477
72537646
13619552
29914692
7156947
117086202
51710953
52217859
52218095
71015610
150910352
72811217
184329986
122571145
15777167
248655119
77590705
94520412
48538871
136463182
191575974
196197129
196197145
169716910
185947617
166209624
24542600
48568786
109040698
48890993
19266474
48661434
102735750
77656529
32214489
93346225
690308
93181272
52807052
56997127
262736784
159275557
222595122
159275942
173743563
193152578
177993190
190229793
114660814
188042116
154496425
11855564
77769765
77769890
14261138
167932083
74628380
74651029
750730
49381434
52218090
74628394
53728700
226408038
72048585
192014746
51049040
212956876
96312706
94520458
58701223
30040379
57833829
939804
100264017
94410621
242498407
93762823
107033922
205071379
121259696
188692222
47310239
33597116
197377909
75616502
101219394
76739850
253631974
690316
936237
15644284
77656518
77656480
172372733
109023118
19447573
158223907
159275658
159275528
159275903
158223897
73506739
158223831
186490105
195544641
162772206
750703
750761
52076495
94410625
7155079
205967638
51903922
58988083
192014728
51043744
51839800
135510430
89045798
98018483
52217818
103827516
198869144
2046397
51053292
100272574
910922
96298885
94410561
77769955
242482931
242452559
206535895
161234373
184910478
175471521
174417450
208296310
37657010
1578495
1717387
15695042
1578425
191438397
207445951
52053588
844196
918550
48891082
918594
697096
27842762
159276560
159276794
159275524
254077541
206360684
56199145
250099872
202945269
158223917
207273648
22372105
163574208
178575909
165046811
242453147
91387757
217231577
242498377
76755395
11855558
133774713
7155075
145278524
81028778
182481197
162030796
206584792
8490435
68599689
26228997
50777905
77769866
242497850
54750650
3961451
208298044
119943154
192013039
74646662
167525919
51725509
198859048
169716393
51044468
87093266
206255908
185243068
55094556
102100593
217865258
199999296
117045311
90870493
135842039
169716339
77126484
115547645
183532446
94520875
56863230
96999802
21266094
191143978
53979421
124939831
198801148
46209154
99134028
90406442
172451001
138675289
49128544
96284015
71503186
109319878
196580012
250057884
172984621
176456872
203949501
161396960
202901823
91369539
22066579
184052642
5913645
169716335
49287570
50425248
98355542
95449892
68771682
50329287
141240723
226621985
198868716
182602617
250272570
49127895
67508451
217559575
217559510
113503217
51616362
175967681
58195924
178069011
45646415
147982965
172193000
51429704
54902860
169716331
54086396
101219158
54639079
48965657
33433802
38484140
39144995
198883481
165984199
101219081
74871397
215705526
171327359
181713351
174370981
191778630
1716841
76399707
208620830
171821609
116757654
176456916
916492
96284017
63555377
210282893
225952657
68599677
77324798
53652686
105744747
23020266
71886088
89045174
53071240
212598013
101218960
174887635
9524196
77157940
33434443
52415555
174247719
151819335
149644235
173389968
7635364
59427606
83675838
247818148
201796523
172998351
176457774
203217045
183533038
13559497
188079183
226388499
74628315
59426987
208776625
3232309
76279119
138939136
45171790
118591091
71016074
49128597
177753001
171321364
121334975
149569734
177128566
7633016
199999418
97503183
102132492
173742796
101219159
198085504
73098567
135948243
109368813
91094645
210159620
912180
150938471
183532474
121311799
84470034
133829385
113174584
103854912
96284609
25405806
58174001
160801189
115327492
207459130
199269130
844542
126742791
186105616
195658414
171321365
171321245
101219222
250186480
198089125
101361686
144346790
185192485
206594398
77729386
136033224
97504853
49216358
206480398
178533787
131952634
51264110
126719493
94555114
7156965
173884959
126046575
190726638
117138874
184062627
193094653
195767191
51431408
206488094
96196997
123148783
201951686
81937415
72119437
44143359
110047403
176456806
176457714
43993009
206140388
74629603
68994714
73189721
198883402
170995014
166071168
96209981
119943331
184052843
177996415
66568182
74596225
178068948
199124993
59427741
183533093
227973760
33115869
180851116
250011204
73244374
1716969
25406081
206620680
181123588
184076341
210157512
