205820757
90064463
126127149
107451435
125818853
169348902
104870034
137145154
173815187
195972753
105673805
68229643
152374850
169348849
124507034
115594569
201088057
79722366
158855480
156936417
109923402
181419580
126010576
127193358
113256783
71742738
133893067
121534530
37818966
160991105
20627434
95205153
226053224
86772975
198463359
73339240
70128259
127493425
186352386
207192991
109817145
197215166
145029354
127353041
136939598
101866294
179982645
129389942
144130761
165883589
121597676
123870685
72137980
143403379
73494498
134977565
121532166
121534387
185348129
97952370
111552520
198494418
131178234
72331718
71063014
173627548
80692540
109359336
112645927
144130357
185646278
72137507
141663169
37885529
34610789
69003707
41768374
66568902
31218973
48852396
67720777
44899841
34624036
57159698
34623864
113065461
154786713
78282539
107336065
167210352
134388634
204041572
104709190
119321227
181417757
39027228
71939260
199946026
208389198
44041781
114320249
73535836
120789801
200960739
137519111
140901391
197596440
199218603
196378297
72736962
60184240
127050217
136820366
109933421
114429997
91753804
153508285
82303343
72849959
141328322
154206995
141591028
71626184
119363852
175991308
37826536
117082084
121010169
185310538
144234385
71919746
98644415
71926516
193055723
167613157
152282850
205615686
129220492
94658902
205533125
159251360
135078916
129822516
192178190
101862839
210143333
109583360
198536584
109922286
97482416
134976506
97980817
125791461
90078888
71919720
185439557
155811182
109359420
154730120
159486368
90689526
109921887
168005968
73222455
142547945
104510848
93956716
20624820
93957045
183057103
210145792
143429568
199565704
111551802
196350067
68217062
142718255
97982147
181908037
73241396
213702002
129500124
176987993
98276504
72736262
160989951
72764044
191148661
114429730
117083118
82900828
115981829
90071813
109359246
85372893
82300242
139295275
121597795
41869965
109358687
144340589
87217340
87217584
126677549
113066460
78282551
190857088
79863043
39852313
69690404
11894037
158416976
98640952
196951704
196905579
129498711
128866321
204041479
49563793
160991444
181418253
198613467
141663085
195301774
155619472
69058174
124148895
112650083
143990830
199944563
125855697
110471871
155887111
109358964
90064599
125828515
127365768
122093241
5902689
199930695
72746712
95059013
75409908
200680065
137511249
137519083
112140925
216006616
134977567
127050461
168357532
157413033
124771247
205632290
168242209
124148695
137668370
126210044
134585708
68841024
134390024
41199802
96846455
82895708
155810237
129818650
171824344
117903466
70128528
93959749
27578994
94634802
41508160
82895786
195470712
175794286
95194363
117082995
91250188
91249594
91753831
199708225
66788148
181418144
112645072
174295985
125172304
201057529
144692395
87216790
78282569
127351740
192385352
109816918
165896181
159253236
205605511
128124150
176417722
68232157
95059711
152074808
195886558
114055828
195708434
30695280
86107566
134387273
162032560
152840050
98830623
104703983
124065875
124149037
181419283
181417221
195454566
125791621
199565888
174295774
34536706
73773927
142262333
145029234
72688657
109932483
199553140
130841654
104869308
99080087
82296475
90069520
98276506
127122574
88020881
132834006
204251753
124554013
200768601
206633611
139245004
117900633
68344570
71522638
73494178
74862996
133167629
75439971
196350107
146713112
115441448
142321336
79864062
130104625
114430126
178061882
124239109
92491488
109359026
117083119
166412496
84750119
169347831
137668398
169348825
146515209
76147112
196951225
171096968
194498314
129498573
203404470
75440012
72040239
175992151
195886459
208906389
117606011
92490366
181428438
127351972
83778753
160990067
121748552
141133930
36459826
34621661
167461356
86768821
94024072
91753955
117083452
140143672
86771844
109359476
88020738
86771115
91530740
75409917
72736176
75409890
195703817
171809948
86516339
200724599
155790987
65197786
204039423
145391424
178577800
167543359
86533711
95059481
80384393
176416489
176405619
134388031
68216259
137669518
137666991
166412612
78282654
196949052
112644325
82903935
91530845
43854054
127351770
134975975
127995276
25106587
82300976
166412497
108997599
98154458
111551122
90065887
64261220
196202123
114429781
176313082
117081607
80383053
178585032
178585571
129869518
133419510
127352798
141285884
196951548
169349022
126127054
111552678
89350236
71148859
71919784
177974854
98641531
97359866
104511506
117902159
78282692
153471683
109406276
67743496
49564304
125831058
121747420
151844255
117082761
172438826
176506198
114429995
117082148
99838575
170275441
124149370
120353561
141544905
126344909
163725898
114322256
201057575
205955176
257915832
200972128
203187195
117081606
114429761
129268127
260646237
75401659
202763398
125785193
155369247
137519028
71919732
130265678
199972975
199916850
153470267
199901169
71919696
73181908
73994398
72185517
184058903
142716938
195229224
216006446
117082066
117082206
109817085
68282862
97482335
90689633
76543685
76293679
198240520
136939803
159486330
41333887
187316249
119363721
206244840
125280066
207767635
122344255
134976716
124067036
199543000
181428945
102663500
199548294
94023633
127352833
198957052
87729459
117082430
204321273
175789237
87729303
