124982967
167180359
146385129
249671430
184776162
52389721
114497589
54034290
33651499
52418377
5862011
5090017
19553990
169744733
191575182
68610791
67656515
151800506
33108259
176598814
184776129
50225225
55704743
66780616
193263492
4363405
7258129
58039363
44878268
37224963
9849539
145609590
50176716
213721143
188914762
137682524
118117393
165798398
161367214
179757507
192128517
169745366
112699020
166114356
153412541
14608073
69064165
50940400
15474205
5412517
40568630
13331882
149452483
165238022
150374234
55703509
68578646
168338088
207892619
5477591
52198702
55141958
195192553
152563330
21095654
35049503
113060015
67481141
151800118
37140573
5862311
163015334
16296354
4438217
150373316
251382388
35597901
15412432
76186334
107092918
42670526
145761939
24988822
174175633
55142249
205541753
154167559
54711080
128934216
177712293
170482085
4478151
184761168
171875783
173737179
176599504
151426272
2374655
163015288
192907499
104109662
7925353
120856459
48229743
171571179
184611044
66781059
145763791
41083401
25909999
188915822
191575624
10691067
165242183
114653352
244298487
262823916
207480589
248899917
33438527
253365231
205713719
157480728
252093204
244298457
262822047
205714844
214941985
207481415
5049181
249391648
19559829
187362939
252093177
246730558
230043707
205813780
201117544
244298989
5862105
212566673
118411422
159515251
4514279
68962001
121400969
201115826
145209301
26087689
55142446
187364876
54569520
102165023
175974952
31497050
68228986
32854209
192907564
66709381
21476228
176599700
6722197
185842456
177320285
20675263
171875390
149480532
54440862
12202481
21008046
25303296
174175698
108220791
11079220
165800632
134283509
174175683
42834839
25411423
214162416
201117976
184341067
192270567
203000118
205709970
207480511
217274652
219406465
203187286
89242662
132837232
90599625
128732552
128732412
106769440
134372016
134373515
132817487
217774999
217727123
217727365
252042927
217727221
217186347
252658551
263029633
214930243
263506409
263506355
217735850
215841526
217774390
217729837
242774377
215892911
249232911
249234838
249235494
249229464
136177945
133689181
142099137
130028852
211308594
217773854
215745471
214933293
199538987
205289404
207758741
242757331
217729522
221796497
253317492
249239673
249247450
263030068
262974815
215897470
198935803
217735683
175868512
217730726
217773897
217723785
215897031
207295853
217723109
249230359
249234320
249254061
263030001
263506385
175868271
205289386
205289435
207295830
217772885
213532256
217723580
242764803
213532275
217729516
215836456
242776184
217733947
252662241
263040316
263030135
263040176
217729632
217734200
217773895
217773821
217735214
14062488
20522622
53515604
128732438
20521520
14062527
127662309
139530835
20521647
54045874
11081302
140175511
20521832
53534946
21477876
128733078
136836352
132135102
14841458
9796229
132135118
5049303
5049331
20521669
46107976
129398651
141278856
141284799
33892734
139530697
21511310
130029916
9181190
10775493
53517126
141586633
128801243
32183689
21509937
26696835
128732583
37112129
128732780
11082062
31535399
128657972
130029576
127661235
127661967
131023872
21555353
53530428
140175951
71940447
107708086
102122518
205245221
178608425
178608428
178608483
178608432
252096969
248941066
189972718
178608449
178608468
242756733
178608518
189972786
189972706
178608508
178608453
262687828
249250591
249233234
249230810
249230924
253359408
203383835
244299073
207480777
207481573
263488385
205945413
184341212
193647624
205420684
217386744
207789162
169734325
