136095148
52144959
195482694
21082172
73827022
128252545
57696627
206117747
189174101
99505224
140333242
177787895
97822886
90240239
79959839
163887413
138898450
19579202
26119065
114849132
195482801
40750212
2695345
207324185
21863559
35614174
98967555
189174072
187619419
75994667
145851165
114849009
86573440
134354626
146422520
68703409
90573692
3022191
141471967
141366103
160763024
19700443
27829459
248723355
473044
139076706
150253013
123202311
123202135
15303372
144479458
31276839
11259774
146034215
112717364
196250789
161236899
7101541
149268222
191914788
140459941
252099898
37487161
141972132
20860818
123202469
58435882
105127254
152291413
1945399
75789917
21761443
38444443
145711292
191133618
19740966
138561390
152291418
163024805
75320979
181750847
38415233
170767020
204064416
126730103
138383467
44245519
173891658
201122439
195127515
43695337
102005872
202616675
129917325
134293172
141961668
213967305
68107413
138899891
44091681
41264527
95255462
46110522
138900011
143326491
21758976
194200439
15303378
13577957
7220077
30763661
188931300
37548865
21741433
47823208
136007657
43182410
129916948
73826756
99699389
134293577
22015652
46177124
95101287
101984790
15519949
103472874
76695450
21613424
137013424
174029918
50376175
7220111
138326983
137253882
138386856
211028234
179786630
136117882
168073316
137010796
20550880
123202261
36028959
157400471
21268654
204318195
202343760
188911730
212283660
2911407
34940719
164254424
138823386
171437962
73614784
189468865
176127212
90521002
211026600
41294353
199631790
9984704
196373557
141513428
114689446
134293407
55955810
72669596
155242517
19735699
102118402
124209005
213721897
129527608
86820072
103472552
131359363
87447494
74854969
54677955
23879999
17464338
140094761
162173916
119632835
134519398
76008871
146248809
164812871
32022900
208185492
11260063
137253709
162173375
47824413
72216139
137011427
114688447
204302541
204365287
138897573
177265989
201112401
120339263
36204425
176583367
214909719
204318593
204318201
138385402
243091288
6895555
140376045
73826739
138384753
138382937
46585468
38355993
144755684
121980331
7219833
51200117
201091045
129916760
195305705
141807957
129916802
216463573
42849084
40418108
171151924
134293857
54095687
129916871
9872101
144198855
9872117
124208900
84783592
125614269
202037768
68659582
102860183
31265460
171132655
41335396
183681279
109067254
39194919
38412624
2626969
37546404
185547495
157349314
66114253
103473867
74816582
206665318
46980958
89455754
137013576
19767716
108808536
10152548
115786258
42229502
137253572
142720684
147649828
117197838
84802787
74854434
114688306
193397008
110778565
215792007
140374995
32022520
54585468
136762330
134293422
41537077
21612158
167207285
114844780
214162190
123202370
9872099
37544689
93000707
129916882
139670852
186362208
58409220
7101535
125741238
115464199
20958203
95063340
35736363
40429990
97821177
163826989
144046527
100265401
38380659
45945424
247296031
3022375
39308222
188946985
21758899
40668041
38365867
103472794
144230838
97831210
147948607
39313252
125638268
176765036
141128864
181918144
111820933
138383878
76403667
46202184
140375011
215973646
129527958
142276773
115947859
9984678
31639146
153589617
14715613
16322099
2581245
40742815
46586672
118998095
710279
123202616
229714312
217411267
130447969
123202155
204318224
21259388
21090859
114849080
123202614
106105052
183540401
155243076
134293726
129916956
119632988
68706591
77482211
39312108
119633480
153486334
150248044
150252210
68778267
22254812
173304446
9666756
95225663
189170997
41597973
22366163
74816244
40669315
213479066
71561509
76007831
150253327
115896632
165015371
116277585
200039331
211027222
39190242
111285890
207717795
214692236
27855061
23531064
3022193
9984674
51585201
43154266
248757995
19767531
214603501
87161881
56364050
76009140
125747786
113957164
58988878
165015319
38375445
155346988
153598563
115464460
140046645
86583495
201122323
36085668
138385022
204399121
214603200
247802646
124208695
189573065
21799000
98739894
206835242
144621665
38414641
150249352
138954651
155347099
16707112
206466637
97822432
21608000
173717189
149798404
140514257
214690554
110943264
24999851
9984692
9984684
19809797
203762723
39196844
44060501
137253785
188947236
144755016
29285671
151592044
11203812
76600225
184898024
138110522
149148625
158078993
115945510
25363319
74534305
49485259
124479802
138386102
178951523
217323003
68084374
54414146
136693708
189999009
8142327
73272488
7101589
41624089
38544635
49119783
3243839
191647818
3561785
22112359
214659195
188375731
97846659
42437908
21846208
46202398
49919614
132881144
97990855
74282224
22145481
206833093
58399441
44138287
164073852
7101583
164537176
73249123
48575508
3022401
247296223
147854802
135600952
220656951
138383472
124273102
54354153
79228067
20267457
138382388
14758066
16259724
75640322
152023929
146034103
195438206
261840120
21082870
184638223
129917019
218760886
125686144
155982339
134293188
134293859
26166098
129916913
193340976
35614186
94997893
145225353
97835249
58408599
120518390
35661008
95267559
51703102
39201399
99511056
71948296
53269976
21245769
193061781
109230839
19705614
72685736
147632713
191778232
67545731
39308348
153844565
181473068
125615163
162173848
211027992
22015728
24061122
40430389
140096920
98978156
150248257
41258165
1945397
98056705
2179623
98864676
82243649
2916093
3022307
3022387
3022391
38393328
19706123
19700051
150250011
138898166
149781205
218761977
38412458
144331901
167272693
59289277
144464432
82914468
138898958
12114043
192848686
15380612
31931218
114685309
20161563
149798494
19736610
96325546
35297438
135147370
140443736
137253681
48459117
57499789
44459650
181488791
70878787
208416565
259536720
1534463
52289468
27626456
54378653
17483354
119286355
80768650
128632970
193668787
73164498
5473181
5473253
1042628
1042660
1042620
1042632
247452687
163027326
164062301
20764700
15068426
21128203
44484144
7101689
51284435
247016076
50336669
12517445
61885741
5472935
205897653
71196840
1042624
16061231
206243898
19606380
164255873
263405265
253089933
251404633
222680329
260820278
259489383
259489441
259489367
252185514
247189478
215078858
260941601
262053945
262891927
91833946
