50064593
113400461
124088580
89178846
43059097
138195818
115778733
107308780
217184963
153468651
49129735
187955667
82482821
107305742
133070121
133005757
186285472
31144186
108566414
50347368
205893266
248757803
248254058
205831543
142316605
141290471
143613697
107314851
115105271
176094131
162089217
89206615
108965214
56654970
171035348
149221765
117787624
184061568
165804223
249796579
108965659
133914270
162116403
225268872
164435825
107312633
107316295
117477472
48135881
28623218
143612132
101000052
117787562
197746256
107311406
142316796
142833549
36320440
819292
819380
104396662
133070275
117478852
216337354
249596840
179409102
208189219
142317177
194088582
107360588
117786830
134439281
141290741
87532748
171520260
107315386
166123622
107365953
163582784
117963485
106063191
186611370
154155403
115778786
44296935
60408969
43006663
73730266
167756150
204927520
133072384
133071684
188560707
36560575
188560642
133776062
120170824
145620609
117784809
217728933
249051248
170719995
104337460
197373677
82874715
5449289
115224317
115223820
163876519
127207902
163876022
