28080037
66792697
163572587
13722501
5899553
96306834
14935430
188654880
17593424
37014145
163307816
104844798
58635201
38615374
25433440
174134190
46710492
57268008
200739032
10593257
92247548
16861976
6136981
95565411
17536789
134236234
16968280
54898412
88822360
48391437
9731551
3973391
36832351
138151981
167210940
128800678
22011974
10010733
170496556
11386148
212937661
20103684
137498260
57451377
104844599
14714500
34512559
19657879
165205954
126787141
111506324
56424139
165598723
51707939
17924716
105802177
154234603
192558452
134739090
7075617
43750209
171716272
69895182
21416400
87054222
79558846
135387391
11492382
14517983
81757568
204053194
76463026
69327899
26377305
35231023
13146735
49338056
166408620
73422177
52347902
72758369
120169237
37684194
88092203
25683943
35223392
57772671
91533197
99495723
20280579
56014229
94467589
10377550
9820525
17460953
77747086
51578366
149799097
57911408
98634988
108075480
22881272
155639502
168782732
72794232
248547072
58451686
57808868
58971532
107035760
106242725
136679630
121026616
12331586
101127970
16220850
35409127
198530765
48757411
27956092
46242612
130730314
207928564
14813516
10603374
116380839
31135457
149380094
14424699
22881214
76399445
106174904
10281289
1812183
28719762
46654829
49776006
14174545
15410274
120168695
20351197
183892495
173564775
33148168
22882529
136093235
21010563
70121306
20280940
206140675
104726712
32137387
8100686
40369312
72792891
807819
52281491
1590125
52430126
52407039
25314616
54892693
188447728
28735725
22609837
6157603
131138470
20824228
45066946
11251615
108043650
180992486
147380498
248084594
198872113
118280859
155639441
41372877
43332781
207207132
190842926
190152933
194005215
44713753
108215172
42273147
136679141
103622902
71081952
42896391
54919885
101270099
2044621
8146952
14981471
41501710
56091501
14313789
18011684
158720419
184650981
108213596
35229791
134415855
108044055
116191586
15345917
35236338
75432166
73466915
81757655
19919918
151547367
32045898
191758912
41342077
92370749
1816565
104557011
28924560
41340857
16873913
120169092
20103692
141233143
125940249
213731018
174895969
68222272
205817099
216905596
180016000
51968886
182785245
132821728
6212845
69539874
69999818
136679667
92499271
94042045
25000378
14993103
122185220
71503505
209612951
138459717
28658645
41221460
172154180
98634247
194004661
120169523
48038524
75490327
78047361
188131521
82388254
106361945
8283104
144112670
146926660
104844100
53089796
16868602
74166137
12135817
14346692
186231609
105803925
20620657
193091682
205041459
118583313
35229769
106242011
109078000
8100428
43332144
161031893
205326837
35199223
696939
47221108
181809412
16213347
78027487
1812211
54900013
140451297
67282708
16875010
54680034
100858920
6392905
24246172
52065093
55387591
1812133
56251422
99464606
56074911
25696492
72522595
121692871
170373780
152190378
20280821
129265698
25696137
116639510
35235916
197951711
107183090
112928231
121209436
182785921
207044451
3625379
16836617
108215604
109918907
207815036
7007805
102107757
83764282
144321656
170372581
199739124
70192757
94199847
21040245
57901986
207933059
54477965
66682644
32138893
8449039
62471073
174025316
188196774
170372609
80946655
111503997
11417206
188553882
37559331
21379684
57421332
161033048
115576109
73761092
141473496
26678979
157520827
34512247
10640502
136364012
12309036
202854072
186359295
20616267
24595575
163826969
116144445
121208714
168095152
49195230
44708675
97927216
20280842
34339428
181924707
191138572
41884028
166411268
35199333
80699263
144252813
43922003
193988674
18011817
77199723
116142807
141233084
206794675
100218477
125446985
111503942
205303289
24489391
111385895
56515536
56701930
59289807
14859825
161034199
121027017
20280970
48152865
48911491
174834929
35229801
54878088
117414867
12544294
20281016
37809860
198737866
106752229
35199717
111385816
23420776
207206991
69785531
98179312
100858954
47990059
74829423
28728164
49627645
77715723
99625921
71367270
800729
77718243
20350934
128444318
141233219
54857115
151641824
799595
75181188
157125453
94306387
28434366
46905223
202413197
100921415
102143346
3973305
77050982
16618389
48065948
99497302
103899737
199243060
200933680
19245559
14368319
28139944
104754339
153989184
108214408
41304599
58189522
207227559
74952724
71026320
85382378
93018521
163571675
226034104
17537603
29130514
100583204
205379676
77698828
36571417
7761617
28746501
29829171
81758091
123961936
34676509
763985
52755780
121603488
57813042
1812161
12241973
58488503
52409890
72751088
52196892
126811170
186676765
141233276
207230183
60040421
101141494
58204397
34154170
170372615
11505422
54919810
96152457
8100423
171209495
126812412
105529916
122353725
93239643
52337441
9992276
153866059
81757524
50488586
35236213
174182001
14371318
28069772
52409290
15051499
170372598
36258144
15249440
204206398
102107769
54815750
35233391
55522190
15000277
35234137
20280719
196480096
60262572
12625784
118583320
144368242
140100284
214099346
48116784
19617077
92374124
72637265
189389778
74852322
126700159
15410532
14533094
41373118
10781909
150178993
127058169
190591006
20350920
84893622
23473734
33144011
188446887
6051973
52855382
173820621
153472771
43154507
74847182
174259453
100275979
40368974
94487640
72747326
10284992
902802
56706530
68596108
186676778
141233254
149534462
5911651
170373042
106242393
15619935
7144013
21584332
86678182
19393837
5083645
20213943
106242476
54715661
169692195
55290223
157810532
31135407
75414768
196838363
210757763
31883711
98997124
106242631
208295711
212078951
205744676
199078478
174922330
54638753
42786475
77719351
57382337
16601468
68355376
122812260
123131537
200739148
73756843
117569258
74906844
205759089
205231745
161019775
151819116
89640954
155382213
84547721
111508334
208192847
191469764
59402415
111385815
101269863
59495239
70016597
170373444
55387540
16518325
46910912
180992533
111507375
35231032
152710372
70990489
98634691
10562770
1590111
51235329
46654745
98635155
12737659
44152821
19275615
149502665
212040875
136364148
55729295
141232970
141232979
162134249
78044021
59354724
98907352
27928235
52135744
118584291
11500670
90100716
90919393
35230923
17385853
188032047
20319279
79947146
95180361
22760401
13570394
201677988
108043131
91534034
184773826
106750792
13325877
103899151
55387664
170372979
184633699
75827545
78045420
63652911
20520499
121155808
104540204
15100701
15098482
37521620
41258155
45018788
145672037
140451287
170766000
8100724
141233362
33160239
35605737
8100713
5571371
140580552
70193181
200926437
54919740
35235373
101269899
166563294
89641851
100945506
81757596
5420389
104726992
41178813
163569501
54621061
54715695
12034591
122087753
74846969
99494736
118775315
144345387
46620660
95175456
262915092
57442024
58448018
104466775
32247263
57302452
98634944
19248879
13015840
108212763
20613976
19625893
91816368
120169151
139949875
248575482
87519771
24597332
75320443
204824788
184915973
77698949
188893447
40965609
121203360
35235035
198384809
101360295
69898629
70667459
29798246
102058079
45844744
113397420
49347555
102602552
74783519
188119811
208415587
137212340
115662366
101043898
144504638
12435681
144112680
185174743
56960575
46745309
157564782
205581827
58450867
12287351
44632139
9840942
75632150
191516471
58188114
200732999
20534689
73764257
20884701
