123081723
248355440
255611975
202413842
198649803
146946104
22984368
182756912
108994603
188136640
186480484
186229908
111997691
114119805
139483174
183946322
147725119
205817134
182850609
249268964
252073643
252073449
235897965
204804773
204437735
252641134
252073782
262728658
253407766
253407786
263033433
263516111
257856056
253409460
262698873
263033435
206482150
202490947
262745962
241784962
199753290
253408257
208027752
263049754
262731915
204804682
252073774
257771597
249152972
204802924
252073628
252073831
252073719
147725039
21243734
149759062
16259736
174510149
172239245
96311937
149449199
119466905
150270215
157203204
71092019
173265564
147725047
147724899
147725122
203396529
186480150
186480019
252073838
252073819
186480043
128876283
193056817
202413938
183117929
120538382
147724855
55059593
148844892
138826209
131413353
195653578
214588854
206108796
157203037
147724868
147722720
147724959
147725189
185882538
188135022
186480012
252073634
179731587
128822438
129651117
100627367
127643690
80264826
132054010
80217466
123781314
40403460
46640456
196373076
86975827
78556991
187843405
178302279
44250771
218738616
178940879
85134863
72682597
43694647
102392694
77544672
43179400
90113077
42432200
120035875
147724997
186480444
1995349
1995341
174531734
174531634
174531749
174531677
208255643
200678927
202525844
204914604
120035360
208076569
187989194
147942016
186711474
189688198
206948335
124238667
198075906
147941936
153979262
188940966
214083184
169624255
106311943
95393847
113253929
50596631
95316004
34232518
115798833
114973547
217385747
92480175
91402852
177602975
150651872
183037974
117828775
113253959
166153201
77446004
77445984
147919964
84298445
56197457
249646392
66127392
71119355
51320534
86381474
56702325
189035074
84377275
48317440
139151235
253407990
152358376
120538283
141490700
54026040
54018638
43694942
49049454
43694619
43694869
189676612
37678113
119421110
76383856
147725004
147724807
259483979
178950411
120035211
184476501
257916442
178950374
178950505
204427889
148843073
1995347
186480220
249687738
208321048
189463255
174531690
174531763
174531655
174531643
252073526
252073708
186479912
208320674
206980692
42205503
147943148
192801629
77673726
262383080
77680537
247801109
201843922
134254908
176939659
196902101
217503533
216231616
253629727
212047631
199554068
262825822
252575600
202640487
262660090
115117596
198526863
31685450
217105131
259546323
32786352
54633360
34965286
115117629
198764566
67527436
169282039
128489887
115117641
147467328
147477859
84597897
115117651
115117588
36756042
117425006
115117609
74372289
252951825
115117587
115117644
31692325
263295359
26022486
186480134
194401060
251264468
251264338
253410163
193535187
206988838
263083694
202485504
249152980
251264292
206988066
194110239
54633354
249658182
186480459
253409978
186607579
252798210
258857885
115117612
217503462
115117643
263479895
262846298
252073645
198764570
235870836
262043361
