204981857
191642666
206841674
191642776
172344622
191641076
191639597
191638963
119633558
76141855
98059224
174251223
126229980
28734215
206841242
187725852
186348703
186348127
74459194
191671384
191645046
141596562
193887885
206229240
1522699
138386506
190331450
124208516
191643844
191648246
191647439
191639166
75302161
191639462
191646825
191644219
191639426
191645260
191639239
191665578
191644111
117112212
191645676
191646392
191671084
191667797
191669539
191644228
137301142
186253138
98059568
117111836
155024122
191665970
72284071
191640978
191660646
166436827
188453386
136807973
186861313
155593251
191640701
119201748
191642915
177199923
119633662
179503309
136355578
153676971
153677487
121331203
258214376
78985640
1522675
191642534
206842322
137672204
177633527
161030791
136092424
72609618
113126607
136821759
191638940
191646996
209402250
191425797
155315073
191647998
74619804
191665680
190490499
190489674
176662052
177220439
175552960
15776415
5729373
204928429
191667953
107766736
177488064
122442692
139229232
191644509
191647317
43869018
191644232
191648018
191643342
191646909
139149151
191670283
149452817
118082458
167958800
167271116
120666596
119632491
150186439
121331818
121330288
104415200
146707462
138385872
201854824
253313525
196381732
39367347
191642608
138907244
191667652
191647353
70502024
190318808
191643571
186860433
155024424
161904726
132851381
191659536
133669714
191646437
195623966
111285360
117111768
191647185
191642939
111285573
191668252
74625501
191640984
206639915
76138184
117112174
191643404
133674430
191640541
191661643
191662269
74575042
118585054
44936469
191640454
191646378
191646429
191642199
191641512
126229998
128325095
136823153
191647537
58941031
191640801
117111872
191639270
191643983
176066286
177165847
76142203
177663620
119632764
191659719
191646185
119633867
155230929
191643547
186366449
191639154
191663533
191640899
134922159
191646334
191644298
191645177
76120781
148015342
191641775
119191725
191644805
119634164
157032224
117111695
164724262
168271192
191641964
176673267
176110659
176450741
175464770
133670957
111285749
193883344
168271559
191638174
176271013
154165705
72284034
122446087
191643376
191672204
191642793
188620674
206658459
191645765
191638567
138852750
191642453
119194550
202558815
202559232
176699027
1811991
162407033
68346989
176099946
135267497
191645513
191639564
134480548
191646061
191647593
191642518
191645105
191646490
153934819
191669885
191664866
191641032
191643354
191644372
191645072
191646588
191638650
191641955
191642933
191646956
191641178
191661895
175553071
191646047
191640784
191644996
191645150
191642767
191646607
191647113
108898386
69309073
124940144
191643029
191643229
186860811
191648390
191645920
143014890
191647879
191643854
191646687
191638869
191645359
171329966
185929393
119634067
183543616
144321140
191639939
191639007
191666577
186739752
191648237
107615913
191647902
191665209
127358334
100610547
123753488
160889605
72623566
154166365
20148632
97770680
216277562
248827420
127343269
196551115
49642215
172547050
193899690
191044539
201677250
121107251
49179153
205665843
47272522
100619871
20123260
150890330
179501345
143866333
177924143
134974695
190809043
97769461
134974666
136204391
142392055
197892681
112816385
253052190
109080631
122216342
59395610
112816914
97769865
112816998
150896754
197747685
208261213
208437255
196544935
69951918
59270094
108899854
127666740
98640649
75675852
23577561
81223885
138845234
121107269
111083074
170741228
54418024
127665834
113967946
172338141
48323155
58327898
111080821
80699481
154180275
20823306
91557173
188624696
100610127
154165529
108898216
141645373
55456768
49165357
192178740
112816317
103102775
112817689
172336369
138903689
91557137
118959933
121107218
76309837
112817865
105084572
103102759
182557329
173654455
91540542
165851263
23317603
173445406
112816750
4678167
112054817
188022780
197812806
121333374
190809291
196603127
73637740
35574829
21287370
112816585
105085065
190809248
190808364
161028399
49182921
154165289
35579231
153405033
36491169
225203077
179578653
138160968
28347971
68955724
177924138
94098250
216388927
197811768
127664760
192321893
55454625
58242717
154165727
49226716
252395432
80768600
197887585
43769264
201576822
112816906
127664909
111115375
127664775
42106715
30886679
26539346
