196463985
196424356
239150414
11868584
92893214
36265102
217741840
199683125
207334273
114687510
204616368
41648091
208004971
41805096
87915004
242758745
127531973
155348716
87159735
48302851
137970795
133431745
143887770
217777230
213842968
169847421
203821310
198364603
79637285
205456419
253526378
189946783
31612684
143684883
213740823
239133927
213842288
93067414
137676064
146494094
71057697
32726366
154148847
204607256
79675145
98649259
203957016
214770433
109647704
172025190
58405495
181710045
137944084
242200331
229715481
201872990
137944141
108888409
193088012
170472762
252296493
204319871
146493129
241631219
258752560
124644863
203499923
201699137
129626174
104102526
199629037
160406113
125089576
217168892
115201070
198585479
128569121
148801298
22377634
126072122
93871161
75441527
137944246
207281819
208404007
242661603
258571106
111953250
57758787
160395675
59494394
201877310
175850953
104760535
32518645
130337248
172313572
184919301
173154776
248606418
174851883
43795833
202509723
199144714
205028183
52665833
74982849
253183482
19740578
223581175
108685236
75431429
65513355
23199315
111190059
104109862
214232014
104812022
37997190
143809041
186290770
105633299
41231542
207503259
173487572
194466534
10759404
80668228
155443552
119927302
229725703
217170994
182112749
247419146
213561818
144926981
206236480
140748450
208744447
170814834
172814742
217477684
251391769
242125213
124273931
190725129
196467122
252565789
141566078
36032739
119927430
57297571
205822218
197105231
124276417
162168460
50561575
190354450
128868803
248796802
160405435
34910406
167951340
105787412
55122034
104754213
176789615
202717788
49498430
208565179
203723888
74560808
106360094
207238557
83743717
252763893
251588290
41171786
122257323
239150379
97550937
128873501
199681530
219162046
201120323
114340206
148715684
137114689
203505514
143241119
178593793
81356032
125616224
191629354
99917479
68593643
72588776
204378325
68594889
239150391
137970820
31717044
77954728
96659958
217523518
68194151
146035139
186299491
150560910
250103393
121377085
230098364
155367712
73179134
262806379
253487439
133819581
144277819
126516987
21866144
147127375
251925222
161493461
74165583
470344
137971179
54375063
195808245
144307314
121337028
166135244
98119818
137944104
242799416
52248624
40740876
109126450
170340186
217526367
203849948
111188310
16287535
202483890
20442036
87915014
87159716
155467173
253306611
263078943
137467173
83333392
111487291
102913278
137970787
96660342
182095651
90851574
79675216
203769695
113833848
173155012
208525823
145648817
137467373
197677945
251520744
178994817
137971046
123929005
137676597
208685301
87909039
191894377
194346847
453232
150672773
198642770
2406571
103092548
104812136
153579566
32872619
32215791
41262334
442927
249270991
222254708
44123106
99928094
177772684
200778706
168365057
81286681
155443605
164343668
77954744
138824228
147126825
190320923
182083656
72904749
216559063
130047374
70641189
167951334
127960261
199144609
117327022
53012846
453607
126073985
36658907
44882360
19374426
165144334
91129982
208685119
49482501
54632045
197669525
97890678
126527037
239150415
122202527
104288474
137944282
135642182
110987612
77987840
101732963
90110681
110268961
121494090
74173918
165747362
242663125
115564236
215039768
249817345
217524004
172205542
139141903
133819213
150718931
205031669
128823818
96521852
82033548
88821595
225933199
113834921
161459206
177736783
115551777
209419753
144220846
57750009
137506842
74282158
143403516
165747360
100210766
83742829
203910960
225104524
102913811
242880886
202259318
91565148
75697296
192731726
245328888
162247959
253409817
136873679
137944057
205113662
216473085
170340198
111092914
164450397
92006565
204053110
167951300
252157300
127376720
179794084
787021
37296772
596138
197179115
65003830
451788
184802098
194490039
183250968
178228245
169394727
121377112
229788471
199043449
208661734
197518114
220670573
148674021
176704665
154155691
213738093
216562722
122333205
35527744
1027875
47348653
29184642
241963506
86552487
150719051
191505175
57749342
206548589
146492561
214196268
54769169
165747350
177995202
138191699
42644130
196338701
166135241
147350307
143241056
253411987
174849823
49629642
207333934
214132584
137944171
130047745
252174710
83202864
102785157
175847070
188576519
197632125
130355003
215534714
78970546
196332613
205149525
97709818
198364663
80856624
176926369
214939141
103210221
127376749
114687243
183249373
54415590
35004496
204667610
122191773
52346705
116799303
137943973
200985228
198364606
188194624
190354504
143808714
150718920
247814247
150718881
168117777
119927544
124107849
36032190
110318130
31329377
173969565
173051194
197114139
44814825
114879165
50519895
243244343
138323542
253077260
215723348
202558281
197964281
252635323
128783465
243805574
217765164
117686241
116888001
114071740
97553032
121377190
154155758
160797802
251514088
136484372
80668418
117686275
119363695
204235988
164598013
147991615
119927455
239150367
37170411
186584131
217179091
205287913
213563776
155340900
179956440
137943928
138194394
198102098
198364637
247460073
48858756
186271009
151615675
214197763
133816818
146700655
65085146
199600827
247460758
198364640
173247018
197518113
242660469
100247131
187182865
52523642
58913499
67218804
95311885
470277
156687568
66924401
52611399
93067183
57859125
24244249
17967508
126037491
52610629
91120119
104739038
181454382
94347945
470273
4132649
52724145
177757812
67157858
179710949
68174055
41195558
136826188
108883219
120427536
209393072
102100911
67722580
128677488
208657511
453544
196337403
114843143
107894275
130175329
175656306
166766475
23009418
242742450
19254690
146265646
168077056
108480194
99124767
657387
84469917
139712363
55890929
125370672
124276786
59506966
96298166
48282967
116848474
123583142
171554127
206142456
104756526
20495194
34483201
152236161
174174526
28251431
146286807
13718135
11512608
67919780
89234957
96533960
67110777
113711510
117969684
104417138
160408764
74196857
68657234
135566511
120495264
125536861
113232747
116969572
116729385
68465848
116048753
59105097
22179291
155832603
253185751
42693280
52275940
10118755
177895328
102132787
142569065
95983034
84146171
102133097
67226964
56716441
90972870
71886178
77121359
118329062
63284518
453517
16992297
134817804
111464390
199142388
106428827
60841720
168898239
98745197
181454343
105087103
180226025
108387909
143241185
41126691
68370924
177623530
105887622
185533725
103223802
120106505
50422925
123441273
217648433
166013763
58879348
160278624
24509892
103677366
82369253
122147237
166767730
180232133
188590178
243045429
95977098
160402490
209392605
119522506
111955820
52663460
31128302
181454329
105798887
109400994
98563159
83682919
96608637
140994721
76161847
31713597
129422985
166767840
19852724
198326058
175412871
53317033
253390400
123353264
9707527
191266070
174308245
53770782
98782480
53302877
120112909
83423407
106709292
113967045
169728388
196287457
133125695
107528953
52390669
98737349
72823899
252976620
253089194
246890765
208657388
260827832
242127935
181454361
209403364
259684467
136039898
184496510
248936688
205029472
247862591
263202797
242127543
124273294
58440892
59499760
442362
118120400
64374151
2768181
58086482
33796614
84875784
68244577
97511318
150824295
205886184
215024577
160402175
123929123
119445800
103062264
49204948
13135834
253197821
53094050
177998740
95983044
