71693156
85902404
192894134
11055761
127121878
68835488
107695252
162517192
162205208
253134067
165912872
225990394
101194146
32425267
167151081
74974437
252130603
258805735
140921542
117003535
44309306
186447515
114878958
96770374
14928972
7360209
180723919
107694818
20111249
42896169
10958079
123146659
69982239
97860371
111860497
155602655
164512727
67248106
102563815
127313146
126002844
117261636
174400286
162355092
166078433
118181270
88810619
97819207
39794233
50350524
112055839
207841450
89951933
116958995
173865014
140921579
199916607
106810047
171329915
88809367
158494578
127309410
60881805
162599362
73910111
192909017
129709502
208685706
114288748
142986449
11088243
42220516
152805839
171038173
163477354
184218651
107151149
185684158
144379205
154365414
107155555
13686489
167487112
103360316
174404570
101110680
217503026
58907574
73910395
138081547
125099918
107495112
192912258
34700424
58324854
127308827
108635744
68961469
259482976
172673011
196086029
54878520
196176456
58894013
127309052
168479557
110215027
132118371
91774120
100476330
251423655
100511593
160850643
112669942
160850522
154124474
196272368
101278722
101279366
242042019
186881823
194587490
91977775
136836521
199243335
143153512
90973553
137244640
141260181
102639224
196574270
113929119
92050223
84877152
194134710
145762919
134294309
133899423
150311860
135336072
84823344
180050389
103870135
202439065
173296974
173286142
186884540
178009345
125063769
176843173
193206335
210947034
126522550
137244405
202045778
102115813
116813293
93193229
203101729
172922829
180972231
123146636
150311527
193747465
143686750
155369707
182845044
134279110
148910190
174182432
138420927
151712339
150311668
114954134
130871598
207897168
148859070
210938443
109982072
214005486
71523377
157808955
177056082
87394235
210947680
104556930
123146395
79949943
150312221
100791994
198366495
91977531
135336859
199243031
141092407
160802035
176310526
177328353
91977962
138421500
81615703
160850529
150312224
143423071
150312442
160898184
171189128
115810478
172678737
71520625
248723432
157347904
180323474
138418974
115807015
153459749
185759572
199243766
225926069
162768161
203110101
109162007
149992631
220672640
204081785
164778875
203104567
99317063
171974695
158206588
212977593
137245094
106854262
112250302
242042408
84205673
160850649
192126388
195106806
120791654
180050464
216359744
123146450
242042379
198747538
176147680
102567665
195342665
130392283
98079800
97950106
76064078
195231143
208184298
186094432
205236544
150312422
178073157
164287400
253277227
89111693
119238798
152805643
116913104
157427306
168816328
104713180
168769120
103893373
140888512
204424786
101280400
150046484
138419825
191420791
197529071
94199638
178086922
113065192
147123872
164763743
101034527
144136460
73473842
98058967
188230016
131174513
174496662
138417815
177777141
157808975
202733716
147123905
144379198
177056064
185466920
195288514
176790179
181667584
110004989
194504634
143149178
181185008
193638791
126154346
110255610
154588532
111642971
143421285
115810017
121088314
199243621
212977626
137244934
176711062
102692111
148953422
194456557
115809171
161309465
87393576
138422567
108933725
174649819
158416199
115804305
143148495
95800282
95015241
191725665
158633545
109340072
108270837
90997601
212977445
205240461
194130436
196272329
80388210
169558574
92061221
147269615
181508021
172070034
186389459
111701108
183494940
92048983
180400251
248922466
94022345
199243173
161344224
147923481
166561442
195823233
138413391
214837287
186067112
115809418
137244651
160850685
150311922
138557101
160850615
164694831
130858247
160850625
124259137
92048924
143149201
121755831
127377927
80123962
242042634
242042911
175810444
138408176
138412465
138421858
138406865
74891227
138419344
138421760
114467660
150689704
194587730
125638114
149524458
118588391
97362241
158210837
178577632
190582277
175786857
135336680
129876812
92023286
123147677
185262356
169348200
146224280
137244495
123146733
196272351
203110332
120507602
158206982
72663057
207898466
90660393
205017672
148922701
72324154
176024434
102124570
208904565
72886813
174099140
175821477
138414419
138409722
138409893
89122212
113311479
87729657
165242847
109298027
137244451
169987104
150311179
109298108
106312118
2851403
187590247
118208910
195505324
141541255
95585642
158807931
212977613
155833380
194449285
109385016
132862307
213887672
141532887
150634510
150312169
162537995
155833551
145681923
195334997
187591984
196761777
146247223
143425937
213887721
214860330
103061828
146247186
150312799
217516914
147123938
194456781
126340218
116342527
177979520
138409431
186862647
96925086
174085169
208269851
137243811
87566529
158206594
93233625
111878108
102706501
149465927
167429601
133049976
147835361
139236424
171144725
140775816
89121959
126147022
80899948
121755958
97083519
109198133
205013308
80700946
195479663
138411898
148910226
178009367
89122094
109415195
171824407
210961281
160850874
146224060
125137824
107279526
185262374
192229547
111924741
137243793
149684848
147123721
220672454
169987846
147369535
110187577
129234263
203117969
208184815
214766246
124939479
71957747
105225277
89122088
101279508
155367068
138413048
251255552
72887195
186875425
193345618
127215266
153381244
174740698
249670770
158844235
191003062
181184963
189182050
181564679
122344385
148910254
91977773
120792570
117185798
249372796
107503085
216356560
201039389
123146615
115981938
150312260
185095952
150313139
180606882
84208460
93182316
185758171
185758494
154203016
191352352
150311755
151843277
148926060
172120727
150312897
135337764
185757832
174650092
125449520
117581855
136836208
114953127
158207050
212238376
194449389
103947256
160759069
74981961
161396986
249111778
203967017
176685423
193370287
210751916
84822658
146079142
154124498
150761847
149523415
187589362
123147880
174650293
147123980
177272250
124875506
160850511
104991681
71639831
124875485
176802106
97029841
144046348
129234256
80635401
79875511
146386163
168328583
212977479
154124241
97572545
191453430
74983493
84367453
74404779
109571364
205330802
199044236
155357607
155367619
198779116
181133004
212469976
171760300
138411623
138409836
209403377
186389541
157808860
157809121
103948785
155009999
148926059
191473988
123148094
169987337
73583811
196899393
97873274
71080143
135337710
139245149
252941645
127744419
251439696
126209986
154492423
158647700
136939328
95089278
106303528
168768855
124875374
137244603
101841675
176802500
82741267
84839625
215083976
124939287
205239522
209302214
209302298
158416056
80101707
91442452
149685045
161030454
151844195
179520833
177942348
161464830
168808945
97551177
251402222
198995944
