192839435
252730153
263037343
263030678
263033753
248867030
212036594
262521001
204746617
207331240
161388924
192351166
112958838
205229441
171171969
188549857
58435367
94535840
208762039
137454871
171198947
173218665
114740445
174320821
145252845
187381009
171198148
98647258
178736229
175415381
243030701
192534039
80727235
197975668
196672662
108651737
217158569
158131623
164430402
112956931
112961993
112826737
168388761
140830396
110120791
199958660
89749785
196442044
249378314
176097760
49651072
187381151
112955976
143347892
194409130
194411019
112958135
263038210
263033290
263037482
258636386
258635843
263038338
208763153
212981570
263030086
263038617
263037944
263037520
263038580
263275328
194413056
262518268
263038376
263037982
263037422
263037900
263038423
263038477
244299704
193513123
248978487
262518606
235728316
253384754
263037859
263038162
263038543
263038065
263037292
263038249
262521563
208215027
263032773
263030271
263038300
263038019
263037557
263038982
207200211
262521137
262520691
130969490
132125511
132137363
132133601
135798270
129297082
135798051
129300123
135798259
142790569
118496804
129303632
133814884
137202994
133893023
139247331
125785209
133892638
134942529
160516385
141271615
140422763
169279510
248090895
249155385
190737987
196954044
74829838
222394414
208440630
169771664
105715944
117412517
106669292
196374400
244110802
196771417
184068728
207360213
124180410
201110747
193602781
109343693
153521928
164052786
105782077
103245201
100087685
104556703
119416023
126240544
172168358
172590019
172061924
252658596
109884687
184069048
192372928
196382631
184068831
260811811
179878349
105711567
192889990
100084236
196382706
141128139
109340440
171733657
196382551
171734323
91865995
89154552
182991629
112962171
169365779
184068821
151501411
171734339
249156167
184068772
176941113
189413696
192980778
165944235
173301393
207938904
143363107
86327977
99096194
190355315
193503535
140830363
36854676
194847144
145124908
125781034
180600206
25188593
252221679
112957751
193602774
196382571
186805832
140476992
177092159
243041138
8440260
193602684
195149407
155933216
182991878
171733817
197235427
116583844
54421632
114733343
186263185
244114066
263296667
171202332
262806455
263589162
243165489
247792317
203117355
205180762
216368570
42888910
7986108
203116939
192833967
55023617
107153671
108842429
193602810
207210023
91866194
184068548
58131476
205178943
25157073
193500720
151750218
179397120
194413748
189459815
190238027
194182440
172629100
179878504
197856291
14879780
182990571
148072535
105710886
249205527
244113571
251577213
112960184
196382646
249155063
171733325
199640583
91866013
247791136
196382439
193602710
8441085
203117155
171733710
207273613
141291676
172318155
141296095
163553283
32303828
196399341
222382683
67067817
192288232
183360807
140830441
115787826
189413539
42893415
109109862
196382498
196382587
208439404
161401825
180748747
172318735
215972512
193603246
129488671
195981361
74992452
182992754
112962374
211277544
15021162
193044841
262806431
144180204
121678503
165789009
247792425
247792153
190738113
186632941
196382656
91868438
184069072
171733998
247791276
196382542
196382749
171733550
146283110
196382488
184068529
171733465
126092809
182992144
99096123
152710458
46628611
188041035
181562427
197857691
106045756
115787905
262749549
191428560
247791203
247791586
247792226
247791717
243026915
247791755
247791799
247792410
225934017
205179873
205179424
244117583
252717144
197497309
263063277
263063224
247791756
247792162
247792321
247792259
247791791
247792494
247792081
205179456
249944651
263628941
242497034
247792093
247791451
247791167
247791920
203117467
247791919
239394699
199633332
193055952
262806497
263275215
253235605
263293588
247791174
247791264
257787980
243042359
247791067
247791391
247791508
247792252
247791505
244113309
253685867
244111438
217760518
195661203
262745448
262799957
262799246
249687896
247792143
247791968
243030467
253685780
203117339
205180701
262799161
249183394
199632683
217274202
187231380
263056455
262304359
125781705
133723117
116823615
134976830
171202365
112955950
42737160
42738245
79663575
143335902
190669403
1991869
207506392
207360387
243040985
190754106
31850584
27774058
16829403
16112864
177343143
173945664
169197668
37950449
136423884
179877834
172318871
