97941851
105228658
118027967
178012033
107037856
116409180
118032199
106058269
181565068
141075579
141529848
108187852
89855219
141075580
118027022
140138817
141259115
249651225
162734859
149180841
72187262
164934718
67480735
118018920
126679478
158421971
107041986
114319692
121093425
108938380
101456651
249262380
156280552
143156333
134373321
143155502
134667956
194821863
171095923
146223155
109486730
109837110
199068215
199069119
106656631
143148787
139450071
208381045
107039165
107037937
179417420
193215470
179414625
95011062
90642390
174578863
200731286
215903849
142905945
134315682
179936423
192546591
107037238
43824792
179062683
217773300
138127003
143149793
118032061
113475777
124479907
199060257
87373427
209883624
144135459
115144303
139212235
143154960
73373988
118028135
143157171
179935380
132129662
150311799
118036776
157958852
134373363
199070608
132139661
181402547
76476045
121635988
115281011
153553663
109341609
127423494
208381159
107035918
137382215
73666427
26772511
108978509
143149564
109409432
71174919
249356318
79706741
196900941
181682811
196184725
94199330
118038602
141271541
118015347
111712191
200017468
107041978
118037082
142905964
92714254
187467712
153487755
118037999
73641070
142262800
199068755
134373262
249359517
116465918
83159913
191410971
113571105
107036582
118035689
94198741
118026663
165242915
105137734
115440769
118031539
181401923
170150316
118037022
132108430
40941947
53466716
24608011
41866379
74557037
41556641
72620860
47567461
48075270
45300193
37814367
36017248
38456548
50729226
46158707
47131111
24163105
140109733
46158752
53047233
13608580
195667963
175849223
132921898
109695261
143964432
167237319
198328254
162191179
142258494
157517883
132783395
74676105
201701777
197637641
109805404
213983668
208285044
138357695
195213017
108976757
162179700
194177183
185174175
109695131
156648727
182807770
198901751
198334206
197551526
198075533
212327699
108974772
108976271
138359457
138621002
164357445
132922467
197150469
197380419
43242722
108287554
177494323
108291126
198074763
108980638
106048470
72301248
182808030
132921751
132923330
1367145
167237327
162180704
176056224
182807405
132921258
70615569
35866394
197535228
214208586
179153007
108975435
137390642
47567574
109836425
212602666
162189889
142005781
109694770
156651103
132923656
140109517
195529496
212328198
198326225
197601002
106047030
108975211
74609902
195530105
121645480
162182510
129798389
109804675
42992271
142260174
162180315
156650020
140922548
43831522
198198015
185850384
68341874
136839380
125430577
140109791
162193965
138602100
197627895
176054203
185674223
109695180
175848355
176053516
175848001
108291769
108974431
162191141
206243281
75978255
175847158
214209436
197380598
74608251
78933323
132921881
76058216
162181942
142243196
142211279
43088090
176052380
182808001
79709774
110689323
184760153
212327607
109804863
197624298
197606464
197552928
185241480
108975118
142249765
138361541
132922974
140534983
176055461
182807456
168392352
212328598
207915043
75955739
212454932
108974508
76058404
179149529
142252562
195529926
136839379
57721697
185946964
19776087
249662685
136780879
212354260
176053317
198955813
154401326
113775909
111647507
108975028
142264875
195530040
40889828
173378370
175847533
75704958
198200113
198926572
197154017
109805703
190582711
176054050
113204439
132923545
140922759
153907467
142053157
197578053
197644912
197644537
157513318
77713219
195530568
175849048
129706389
212327826
109427531
185710557
48075236
176053711
109804859
177494944
108288151
138514102
142244923
138342343
42284739
103816828
195529965
212327625
212328421
197153921
74608104
176055289
206560342
108291236
108975771
195175338
194177883
142046890
42289785
91010144
121597381
156651069
136838708
15684510
108288058
108289611
214164153
194787942
175848326
142185051
162180688
75995120
109695209
132922321
185188939
208250905
119207752
152630279
197193529
197189355
176053321
47567562
132924204
210438783
138800753
142201504
108975970
108288668
132922065
182825697
136838985
126711864
162181313
75993429
121647916
149452796
189369800
197192969
205412055
204437692
1367185
99684609
212327546
185858399
108287363
108287112
207697048
168355664
57649371
212327766
198119986
113625178
164356985
75788165
