43875337
46148467
126927534
198897899
120538570
193281131
205489815
25385305
46680557
81296394
43768659
105212345
106661453
46148200
25363756
25284367
46131668
199554054
46129543
202661756
43837844
46680425
46641831
2340603
1994509
166592210
1994679
1994541
82217369
82189719
169773161
1994495
147806244
120035353
77767828
22372120
161550461
164945812
106056543
68571664
105608355
179547185
42551327
106056539
93237031
149032314
134532045
198900106
115738088
207936370
135003130
46111427
173240383
99316944
46261364
2340533
1994659
120035587
103471537
73865321
196757732
46642003
208269713
136849747
162594977
93236397
105608342
57295964
59315179
181926438
58623811
37958307
176598919
154179098
86009339
106056563
7240809
207527902
68507701
46684368
172703558
107278895
120538444
1994639
131498241
46193072
73403255
46641980
154066170
46678951
52140247
1994671
21980270
114574198
103471671
41984610
117793166
251545305
22372075
40980760
48703440
7483685
192937795
160787347
105608361
93270684
75417427
58730411
202281066
7240835
96927621
121332642
155179926
44419423
86009944
193204972
193263639
101782484
44416290
121333801
149032078
207521436
102559409
13709055
43833981
46679872
128524811
120538328
20107436
120538498
25876989
25268967
184998119
1994681
1994605
1994551
120036501
94487179
196675854
21979838
172708163
68571009
77138151
68571570
154096224
192933671
44418900
133916355
68570991
121334427
74387359
159654315
105608364
106056556
84861916
128678681
225940928
160860585
106056526
217274736
113583596
145449048
169734480
69441119
126743492
128817424
252388051
252388256
25268964
19929043
58828259
120035554
1994533
108753862
229735307
182296613
74172763
81222609
121333101
180720681
192934043
1994569
1994675
120036527
1994657
1994549
2340739
192202454
126529729
198867877
82189041
74181418
117793686
54770058
162526866
13606631
121333824
43843613
121333765
16012746
86009924
101644582
184415738
208062848
77138116
148008424
68570989
68571025
179945721
181754589
183070319
62254233
184793338
182135331
197597043
148662648
140534946
176219005
93236900
134232184
93236212
105608344
105608389
128686747
86009923
86009274
204637413
121333096
5149903
7240877
111152387
1994539
93236880
146258458
162044955
26619756
43837461
25876991
128894457
139501457
128817512
95295101
35283809
1994505
200616408
201127335
19991523
207936397
192927580
25145547
25281814
46132266
52578911
46194289
46111986
46680343
43859793
1994517
126528116
1994519
1994633
1994557
1994667
1994599
1994661
2340767
43163994
58545635
43165530
169773320
82179567
167236885
44883122
108003783
192203064
173663843
120538268
43855227
199670063
68568755
105608357
101644580
105608374
197378103
173765114
189897031
117085514
37482482
74387382
121334840
57787737
148013038
167473704
93236806
53629652
204387913
155191064
113583248
192156383
119087728
59293556
60784699
205482663
181761585
59318651
60881127
208010414
125594072
192453862
128688623
198650120
77138085
179878680
173761557
173765877
162165287
163793827
68571584
81222912
106056564
77138148
190841420
182295859
205274065
203983591
57764582
89481304
128699687
105608365
118685775
148011603
21115751
37118763
162084845
192937581
77138149
113583361
189253043
113583501
207520840
68570987
93235853
16868446
35180779
136849910
121332969
57717137
190878746
21078996
105608395
105608370
148022059
93237954
176600395
56846220
37482002
73724767
164562762
24408693
25268943
46641924
126743416
46133408
43831935
198895956
120538561
260921501
200618325
200616820
214732386
46192759
43865720
52578952
56306814
46107386
43857617
43768589
52578690
184997681
184998311
2340651
120035804
71040009
76389829
138901322
68571672
192453872
55949241
93236373
86009940
83538015
152874562
192987300
142238552
193413512
163796178
46573274
7884719
182842733
181986841
192290366
143112449
73923113
151489291
73481554
53091917
43880760
51297356
51661195
192339605
143260827
207936421
200616597
25384135
46765102
51297500
44049686
25284288
249212678
120538205
105196491
46765161
46261254
77682266
25388586
166592263
215610723
43164926
175424655
120035289
1994615
1994637
82190158
7148837
25246262
42730869
