102109461
157251851
198577449
207356560
180855011
263292873
262825815
203892355
202525942
183913630
193530153
56323008
176988131
162391063
214588850
138870789
96445921
169624426
257532638
68821649
195444281
112945240
189897281
192292545
79434552
74009031
207288966
106948689
77333126
80379190
163576068
192292892
112338862
171877550
214588848
97714678
12343722
189542508
77240026
144701731
94487661
73986014
157102120
209170357
147805996
191775181
253194810
174400013
106542010
195324330
195444234
176150171
253384522
262800651
263293724
200789296
207333343
199997884
220664857
195444343
195444457
195444291
263278665
214506845
195444298
253364153
195444251
136940199
138342771
127936171
139908889
129863772
54899790
186632836
161384830
213553565
96445922
72812325
169546518
132053890
251263241
40368185
10207324
136940022
96441717
108697252
199685404
173865393
79881723
95005895
129863082
145309488
21126197
188321409
209414734
155169078
12218126
146945664
67451622
146944150
252798143
83431627
213960207
120036071
85564887
197654021
186628362
250409246
252563909
111081433
136465304
76055786
97008632
58917089
193111984
102894544
251405436
119329927
193216826
205961654
192801757
47164353
84750282
117411187
136940234
67354184
18007219
96445898
91020648
103827465
161397537
34345463
107188920
14422660
54840715
247378683
68105807
76546193
116304898
138448574
76288844
222696778
32147548
222711440
44684826
205810486
47494311
178113856
199734532
177727493
199618308
252635638
247668349
79411724
52019488
19931433
187298526
181122189
149449348
175419313
92384336
58805096
182151834
128821855
128821935
45793315
191474566
76387887
129726390
124522386
129647715
138014335
129422313
139192019
129726820
172380342
195992286
208904974
263401683
170927321
253161489
198453848
253296115
251925114
255758964
262292689
78954483
129644176
138507284
129422993
225113411
252915536
252917371
201569236
173153652
252157589
217516689
253706613
252681379
247921348
213965589
208905553
242999356
161393858
250683212
252628673
209920027
260110511
249011927
248565244
263276745
253306926
261978850
195992415
249024594
260113586
260110603
195992582
137164566
263042230
229795792
253766979
250103541
262026835
250103538
250103529
242851122
253410795
253410553
247658373
253410770
253410663
247658334
249154656
249155527
259487618
263276884
263557448
253410547
222664366
253410672
249155360
250103517
199198384
249154372
249155760
262026721
247658237
253411218
217649624
247823371
222664824
253197808
262026844
263560869
253410715
253410618
249155208
262026730
247839490
222155311
253003705
206715038
262730646
263561915
253410624
247658251
249154773
253575706
250103511
250103526
250103710
262303426
261798593
253576338
249155851
247658469
253411371
253410621
93765534
262337746
204057084
251417239
208220683
208220517
261817503
253077328
254037644
262718377
262806960
262796169
247838079
253306906
147413664
197584758
199198450
247658305
253410568
203052373
250103514
253410752
199198444
262026991
243041241
222663537
247658320
263630582
205617783
247829686
253632254
253689818
208396025
195992268
173727138
242716493
263562173
247658249
250103520
137123589
170639437
196423559
198643323
153290265
173266022
54708476
124208759
147724884
147725085
140565708
185882466
151923815
166551007
132856986
230099782
195109118
