171290770
249004295
104167799
54722480
162044702
206851784
162750971
212935344
15504511
31266084
94857739
185232625
143158887
185992531
2146847
208068883
247447021
38678448
20437347
21946261
104156128
59163751
19823819
48461002
15076149
146374183
99479193
53115560
3557575
168209722
176136142
215596199
52658055
131124695
226832708
148061234
8458753
173718847
16645795
81764203
177712708
58515162
74027143
164553728
180958714
199740727
172822358
183493555
31572819
76266255
48059879
48546620
99485511
19638570
177012674
90195332
78924987
29841717
28670702
248256940
121307057
126997803
181372410
185232600
155621705
146633864
15506113
182603383
182456630
14185166
14185144
99487058
190598534
177712311
186598129
27634881
131125527
138394663
80371119
58162837
68410023
79240089
143897162
75553037
73808801
99190775
48546466
48546536
31512541
103985114
252404059
48546573
75634706
75633504
162873470
176135207
74535400
19645715
195651712
261962619
51424177
22480951
73808612
48567901
19826130
104063784
104066837
104063330
104065815
104065216
133613382
104929242
40978565
260934932
104173164
104177656
104179498
104176272
217682461
252410150
261808903
150021954
143212999
74279349
208115979
162036918
127014084
109059908
182551690
162260485
3557359
248161568
229735180
174114467
206851796
78945617
74280109
196047582
143158539
143158733
199941033
109060063
62394860
78508127
29831031
28625329
15506101
13586083
29863167
168658511
53542816
57087098
14145284
186908878
110117496
192936126
91005579
22181807
244173847
159264130
184815591
13695613
98622571
80976398
80653658
76552177
76552277
54875548
75401223
140094965
99480942
48584716
79770394
103974814
99191991
37485231
103982511
103974927
193603073
19643347
103982397
179164417
70816482
243424978
173100471
48568049
95015660
58562579
22609127
19928534
104063416
104067427
104063101
62826932
70689021
38942279
93373123
132094986
193925813
33473227
12705482
57707822
73611098
196598317
111404655
248928122
59116756
116075429
171680203
138754110
145661399
121681103
3969995
94462202
213921577
28640871
90744649
155699094
104111757
67901732
133081210
182468544
117968331
213714403
131125432
155374064
117486932
66721969
187367515
188487712
167776904
173355117
155393732
12705490
205299837
177312768
216333017
190454068
85079136
92990347
205486844
129299979
14883167
64306330
67545387
12705466
49251678
173362889
116653741
34288994
143158601
213959864
179534410
159000911
37659214
67905114
22827954
243045892
82461240
242086432
19395520
19739536
153530485
126814544
64230920
46694199
136780240
182468095
147967160
46694203
262514741
33438714
48213562
155371768
118137834
115887167
67908513
213953642
182468283
59117349
150184908
118137856
178599287
66687576
145659438
195947968
20824468
75359686
171798399
184647389
111405143
155232960
73743607
37064610
20697616
150185114
48213634
48079074
99482290
50951474
173409572
198591711
57687966
188490260
213913217
131183906
184327302
28464881
99481961
82456962
188515526
203863100
195948130
115077748
111402474
59116328
66723893
118989787
169348297
99483770
111403928
198261685
91937644
153825686
203863330
182468101
196025126
136780251
145420694
204404519
19395502
24925753
13197207
67020168
29746222
10676206
75359305
14272847
197888100
191892215
67905514
12705508
174608101
30982932
203177188
963121
100261676
159017864
248688404
72014820
131125520
12705472
15711575
34347807
20650641
207302336
187361596
131184029
16152534
128276529
90744789
72011252
72011265
72011259
253711607
14179312
184327291
3073145
155231912
100262595
159018056
192342893
145429554
159276862
187366653
198935315
194200665
173355866
164052651
176151398
15877076
155373000
184327276
107142307
103702350
178599279
131124548
176599925
34497858
151048106
63852488
38119098
208104600
23246376
27842765
173376736
9397270
159278079
248688298
82456910
174424124
194033427
11858283
196424795
167777047
86130790
106886537
111404637
197890094
182743410
15634472
139023174
146886381
104930767
73610098
52635102
152098739
203862840
82461397
129637027
196290956
19395506
216332008
67545395
20697632
13420552
13333254
19395524
111402462
67022723
58329259
20318850
59132538
68141329
67904007
3650099
214937545
204670143
136785785
197739670
52644564
155238075
100263888
216335774
186803447
106886292
38385647
155395660
171798819
126815099
111403542
79439475
64311375
63849276
111404052
46694543
37070416
100259022
75633231
145449174
136780254
197655688
155239505
216333831
184778170
214661175
179534073
12705474
22824861
12378325
79449871
144180215
155563847
67545391
81715580
49251838
105258892
56959969
23246368
67904237
187362301
213921513
214992717
235853287
235877801
100264695
21925814
203863243
216461603
111404031
111405838
111404773
67021437
144690571
150986509
51697685
181785394
121680627
67545401
34512405
262302218
67481181
109059916
235851731
103596531
109060848
205257414
213676509
102081742
83161524
75834656
82457331
144802899
193990678
191150852
164947573
174423940
203863377
186689797
188504911
182468049
182468188
196022154
198858648
197847122
117974792
155234554
100262293
100261844
100258145
235827012
85642906
130866581
127015146
19395504
19395500
194205679
86131363
20739472
177015244
52638424
82461843
196023133
191150778
11592726
130867544
177302199
131130031
149642835
15516030
16166242
29936776
86131238
33443113
14387651
131125150
72011255
150000040
203434444
247420906
159017915
191804993
114900983
20634352
216332923
213913785
59144434
179534435
48079108
13288625
90744552
201623672
23246378
104178858
225195253
213675083
82456802
37137264
155232085
116494215
12705470
213912726
176936962
191892251
16721027
144692201
150184952
15563449
155391207
79465576
24492115
124628566
73610094
98145639
82461435
247829745
159017787
159018279
214949184
2892357
67545393
29746608
157944603
85080154
111403162
140523334
124554782
173354097
9823611
3969977
67545403
38118645
106886378
43002194
34512409
34512413
49251868
67026809
20697628
12705494
15723518
150185362
57883171
118137886
181964840
179534244
12705484
103982390
67027007
113511052
207309410
86128781
111585912
20824576
91161372
51575617
118137847
173356379
169261200
98913160
34352913
67545385
31141421
85078836
14331914
124628675
12705476
111404527
15931582
73107074
105260020
151044788
198261787
64236519
90745101
14272843
12705512
73610096
73610102
73610092
68141319
12705510
72011242
68141311
222407271
46694205
104173116
174423795
197093421
196022617
197665191
196202846
217563705
190860016
100264256
188659588
196047323
198326111
13735380
199900017
202020632
199215698
188492576
186689819
188057504
198944772
194198751
125068679
14272837
186142308
23246380
20666621
86129339
201043925
229806710
31205836
14437465
20824600
124554704
16050095
98913421
150549759
182744602
145116424
130305244
71942960
67019440
20697608
131124846
111585828
14438824
117832638
184788078
247798046
68698338
81712180
12705514
73610112
19750593
139445511
49251765
146777059
73610116
31624596
94462430
67545383
150494384
13707570
12705468
173358068
82643799
82461831
82461387
