174223480
144629438
182783153
161027194
195217858
67182852
175107029
34668678
205507523
49301825
262787451
100750802
204916799
72050014
21974482
82383156
48427576
84416331
147896804
111548979
111551883
111548940
112193803
106220375
97825604
73825149
174235705
139611821
214759534
214760094
105327110
170876622
218750576
40885424
55606319
99850311
191428297
11447496
166079306
28310941
48873741
260215156
204372302
75589711
105327417
74736949
170569106
135521319
118126758
150209427
5863783
21609191
67281769
253059520
253090642
195352660
82877154
72561590
114295160
212556154
25309458
59497558
249027034
147444205
42739607
140463265
13607346
196725816
137668547
14436218
14435993
7595772
44008492
42594878
252574177
80885797
17943235
177998566
179146934
144629428
214920565
159523212
193243074
113065436
126210190
107904905
173891107
139623117
139620456
124070679
14959922
162428191
175957025
181419056
10571674
91029984
175786114
137666729
82642944
21459551
169706438
197974792
144629277
131552679
115770805
115595807
134818009
196184362
113409822
140463525
176751923
196184276
136007128
181402157
196184595
73658076
141328269
105952220
188599244
95049783
200940265
105951287
106304791
74761990
39852531
173448380
178070255
196184730
202223535
135299247
247841575
169709491
241906626
178780449
108428723
53570242
196184343
179788995
144629233
195873031
127050298
174253561
144629291
75418416
144629512
127251258
110202344
21264406
166031954
255912823
179439146
204000063
140463233
215593922
157498934
196725880
165236526
175786204
128467147
186580967
46599026
52025399
110201972
198519114
197300941
203469240
177723417
200712117
177702956
171323294
49289165
155012355
171323259
32104722
111147538
67280966
179538798
150614268
141328388
177272217
175986385
150207516
211927095
72657501
125875729
139619274
79557139
67207341
118126510
73623604
196725441
183554786
116142879
154909317
7618176
109933645
121039906
135514406
178070013
70088695
151556268
179151870
4983823
225907312
100756391
140174028
175140928
102093936
251254009
197689995
198543821
104740176
114442009
124241069
131306074
17920186
210944280
42465494
106217222
175787606
24916211
77746820
77702937
262083560
106546805
242720019
35229590
144629191
174132674
135536515
53980186
122834582
213889638
52001940
182479286
49247869
5863319
140462950
11840019
83158307
136041328
193701368
102013807
26052272
3706473
121293794
204000146
257773721
138932264
175792966
215592875
162599127
247413421
63072868
52610901
82642843
192665934
181991402
86773292
184874108
174426440
89503554
111147695
201628931
110201681
166412504
165937771
56645415
8018912
108030340
203875718
169708856
252191149
217292518
49129918
11652538
179151604
179155278
49391863
144629630
171323233
119220632
36494693
252632492
67484412
161027018
123915413
122590444
118153743
156963460
171866470
164352951
50597215
149415237
195744041
253135622
98731015
106304234
13855473
83159018
149211258
190085293
191648625
235855478
247722844
219456885
192533359
197139528
56096163
136503118
169710252
253629286
250112300
114441984
139612734
114442156
144629206
171323201
171866455
53529725
175422287
58802046
175791486
213890106
140898889
99026349
101807647
73630925
14436071
200721001
122846648
174223041
170876620
110201509
252137887
187927588
262504846
96008452
249143500
262486461
225197347
262787074
48970286
169709177
143419814
44183726
241997657
137997431
141328351
140465163
20824271
171901574
216901405
125022499
38276994
106223106
144629521
70128313
198543671
138932276
170569103
96037684
105950560
205952794
49047502
68659354
68292774
38073664
229754409
215536691
247794611
193536479
89764170
149567211
207900470
182147955
163564225
263038460
41622540
179513178
262971489
80355021
196726057
72801228
105326871
155191273
118140010
202226031
21362249
214598421
178228031
111711306
97004698
242618660
58472054
162197560
163868873
80968229
74913077
139613031
133427677
129641657
130619517
133165756
210947943
249387546
207952119
22944560
87714690
248998859
203478140
188380204
135524351
113047456
78959210
229754055
249566206
7595750
135532653
5465267
151034420
52248731
127046579
135520291
162041484
135531202
241893925
192894272
69167178
217764854
134245630
102509536
207280648
207285816
249852251
125022229
59498417
115771244
90062514
91475394
174621295
198945013
101457067
124259185
38593569
105179201
206304386
92145013
163803666
148701217
198516948
150731926
159523474
109319891
198240389
242070676
193011679
129820332
135528776
90062028
73200262
189688941
98056974
116882387
118126022
20855177
96128764
129822673
118692577
225962882
201027472
124420645
95750808
115441791
69172389
105112578
241819316
175425359
68824114
51500660
166075391
166498923
138117905
127515097
90583918
241788292
86880368
138153709
208100624
181689820
225304051
125021753
262050499
180866231
149414483
139616094
100579347
36028277
144125525
170881326
104712259
41892692
146286880
249849762
252859143
68940588
20855172
26083990
178330016
124426194
181417165
55958737
73253349
14838028
179417620
73347538
169118694
101426628
192710459
204634478
92489025
145061491
50395396
181691369
48515177
203472283
204436325
122240697
182104368
181401936
115440166
53981856
