134380840
107374029
230365379
149642723
162036768
153981111
26305902
106807722
179942400
186526990
115455487
126039955
59052401
88784014
93709587
98028119
156205047
179981890
31358889
26303961
149567291
122240628
169537751
127862391
198199451
181682722
84765989
26056661
27830373
140180131
177189213
101075038
68786297
58935187
135514415
210943678
199978288
179417506
58226767
56401213
92545976
58699162
157635972
210882850
49272760
87446257
92996059
26303725
28057075
35176000
102056874
101456794
83857409
52417148
242719912
22868647
243080514
176136767
162538470
177188256
210948220
101773950
117185718
93602688
177189530
117185161
150311706
201886868
106899632
118151014
129403910
134498107
157634435
136013042
194517741
144082005
73187448
92995368
115328248
12330724
90194991
249204108
111548993
109659118
203396858
198352492
103058637
195961094
83857389
199899064
185505842
121343839
122241134
108757495
213999020
15670260
95059135
175995495
85468986
152874420
173355665
108918296
142366956
103347317
109358901
161410422
176881267
252840000
177188596
260813255
174510660
49004652
112863520
192537655
139682825
164411375
126127171
134381213
112620033
113360311
106750145
134498126
201802644
95705137
129402310
68643109
117185381
59153598
59536440
165846381
119537006
84765810
196327125
109574786
106745352
117973435
19383258
171097764
178542854
116051511
127861185
149189433
179555703
177189579
155557095
125828768
176634765
150614230
155758160
131419426
186803389
193245893
95702720
117083684
69932425
89946427
97551358
104664171
94418143
72820315
68789238
151832550
113256426
178787955
135514366
151035171
151555636
68591216
73103625
72785459
56462447
126346936
175792190
249247993
84445640
208173243
208173146
117084222
263028340
229758276
167235857
187826041
185505972
127868974
122240572
177968604
252764383
105327303
98254942
243080502
117081415
137827904
183743836
110871947
108337662
129869449
117083939
109359239
161386012
55122454
176057059
7634403
90189483
157962123
181114830
136353062
185993565
14052420
109837296
117973444
155181845
67320212
31579162
118900752
26069232
188785011
119362892
176247148
130204147
157636550
62862810
16334843
181114884
108683729
107523426
108685487
101058676
104665213
43276804
105533921
80966856
29139805
48931995
185333894
210948247
189635699
205830458
127050504
152874477
125172201
125172151
67280881
202508742
160743896
92619963
187826334
108504737
134885481
155753464
103526049
14052437
19554471
77038443
80388712
128276398
157636326
249255181
187608631
160661035
72820485
192424756
102081006
192641527
252972451
203396784
121291565
75409872
90642823
209921222
6842399
162397449
250553968
167235793
176136184
126040784
51548738
150312436
126677455
124772473
113064331
182604315
111376445
111748912
193190043
59392672
112949866
109836001
137666453
74682885
56821826
124863091
73914182
176310660
148556713
67281425
175903649
171510932
107804688
127557704
28301352
171097609
106805916
112990660
109837351
176247057
94067042
182753796
35275462
149525411
178577300
104665511
158668602
107876598
109359631
171622019
107375078
50347544
137827920
59057418
155181854
119251160
206489544
190808337
68039737
101189186
109915937
58360216
36798452
47261238
187826337
87117795
74201108
136839048
109063454
112650278
177966184
180317823
136960771
59057224
183270978
115750498
126040522
174516547
109418265
183749448
136784454
150313091
75439996
144140363
182739170
59534986
155192307
59534022
171516003
107803883
14815761
192123304
73527669
45447177
35856764
72212418
139552379
157637018
249241632
193886721
167224425
194445011
150312421
77705422
130805715
200804379
191979045
203085135
205032056
202063918
121298898
127869044
122240541
50273513
252839922
109245546
121293836
121297806
23068787
178095470
37138289
263036064
167235790
107359746
109837359
112227614
130867532
139142073
72643106
59264360
46599897
145702987
154201906
162404454
153957656
73912779
184313526
151831710
155190601
144082574
155182006
154905342
105207396
183270288
76838498
90745134
192423164
198516563
178101011
111286907
214754780
146573348
189655456
190641962
42605825
119389261
82992885
114751818
59076134
