2098547
57997337
13565262
13368777
105795085
3045489
10385307
3056315
107708768
57697156
57752167
57993350
58272577
15891065
196676266
14037531
105795202
3046821
88083785
91316414
57752378
88230846
114672797
2643487
105795113
105795039
3056265
10387298
107708969
121264423
149492134
12629317
11411505
52141470
162814199
122445952
3045529
3045487
105795083
20102641
3045461
195107167
243034450
182112689
242771181
57880025
242484121
242766822
110979205
77180955
121262341
57998389
2082257
1692175
58086311
59486832
58037360
72008812
58374241
58038145
118191823
57956288
84910660
25932603
9848366
2362849
48181800
87887641
87943353
5199485
845462
59180542
82093024
118202772
58372917
116904774
16272437
13611666
193341270
9731090
84574096
113103170
114597668
114467688
84913684
147009948
2809899
15891014
206123470
68027503
45159901
67985304
121481369
59171697
54346498
105795037
105795070
105795089
105795198
105795069
105795196
202047708
202047773
202047759
3046829
3052153
202047739
3046831
147782537
192710154
216006462
249772915
249772865
199958228
222681476
3056221
3045431
3045417
3056301
107708746
107708876
76268818
85152482
107708964
107708784
107708931
107708975
72136653
2396397
134392181
3004511
173652343
2592345
213711236
175811371
192709655
191955919
57508075
205837981
77250621
25815151
57986974
13932560
67442963
121262258
134583790
53978124
84909841
84579540
205614080
72009378
1692113
2076437
70094044
68662398
57753081
58310746
59453835
67254466
2821273
59114254
59168725
185965881
13888246
14636005
148870333
168655848
1038236
205831712
205708014
143106196
62213521
195661668
58047660
58330356
13672499
2453915
2264839
147662711
9813218
147061294
91121630
84229772
120450825
113095517
113095616
162549117
113116866
113171564
74572245
48519625
147085208
194041317
3900491
51111285
77742801
118208939
105795044
54346419
105795155
105795064
3052185
202047781
3056313
3045473
176472459
192393158
147782554
176533182
129347581
57507219
216006470
241806758
107708846
3056307
107708953
107708860
107708898
107708902
107708788
3052883
3045453
107708756
58374464
459067
58965421
58311382
185966421
112947560
2784861
169957804
110892259
70600353
196676277
2086167
88231687
205726431
205726908
13302505
205831294
13414372
205610716
69764763
87851024
13572137
7185119
14045003
2082707
57937270
458737
17003645
197387465
112936978
110979529
63942163
19807265
189533053
76435839
2068787
14053043
174387675
44180496
115520157
19901547
91664511
147570785
6935567
46423634
9731188
13862454
87850791
69764816
84920611
120450840
122443312
113141058
113048118
196675906
197906606
197377324
197380596
197379430
242750988
242620538
53968781
242772318
243033908
252090399
243001190
242760773
242212185
253380655
152294366
248499271
84196275
205708149
263208335
263207150
263266291
263338213
202047887
202047829
202047821
202047771
202047889
202047819
19959688
105795119
105795063
202047857
107708758
249772863
249772907
249772837
249772889
249772885
176535216
175810584
249771647
249772844
249772903
253364931
203587187
155698364
213703923
185966153
196068283
252090401
175550308
213706074
212602628
57926661
108923492
73765253
79572598
159915677
187657848
203293670
183701077
201146047
201145868
158775175
159730191
192706522
129347446
139050886
76269350
129347190
66522930
129347494
66116400
66117653
205815562
192560728
184084617
76269417
184639136
20944843
164583237
2161457
10584147
210126250
210126143
206643376
205756628
20857743
21034818
26359031
4898363
129765975
91978289
163574136
26065710
10712988
108938442
187657846
201072502
63628888
222713586
96300589
201072508
158775168
180575818
253152858
216395292
169191225
201146045
252661464
4266205
40437651
195104995
186253165
129347366
63309188
66580146
76269000
66537155
66109673
187618491
198511932
66593027
186600620
188708105
189177112
83428568
184296596
188928126
20072856
210126127
13118385
644351
210126129
2320119
200003937
13135388
129754460
765994
210126248
113328993
213958821
21434072
152803371
51120088
210126064
68362255
210126194
210126184
19937947
206643776
12052479
766016
230250791
260811866
81390749
183701110
147796030
149463665
137677544
192560500
189592897
198035614
4265795
51528472
210126087
210126149
210126131
72454828
191421884
183701094
202413099
253152839
188010313
63626604
129347577
129347319
129347013
66609601
90574720
210126170
210126212
26616387
21034620
26738393
20023389
20857349
157083161
201072500
157076797
200003941
159730189
63581294
64043609
66204129
66108485
189175850
185248880
164587752
2099219
45207232
210126182
42764684
193773836
81403263
148824306
200003942
253152835
175904516
64045621
189204598
189372241
2161623
181119683
205752360
16169846
81513222
20021270
210126252
230250771
204871877
247334420
176467233
210126172
210126123
13130236
20903630
20841123
51498877
205728352
157084064
230250773
109339107
9848416
197264148
202330181
155108318
180380510
197798426
157076798
204282685
201145866
79565477
252661687
129346976
139067285
66234206
188126553
188125815
196968301
230250814
210126176
13311411
52262977
203219965
59450462
13159589
72749782
210126101
210126216
72725403
26058687
26057945
186638899
206641274
205223395
206641251
230250789
197255334
12407216
138342880
11872678
200842311
180380512
203213073
202033896
187657850
157316575
152282444
204957882
155108315
183701096
201062355
130084136
222676147
201146035
13402670
137753316
204871882
191421889
134628062
188713135
188543696
196449051
129347470
188128784
188129255
129346949
3046925
187469368
185271648
183332151
184475241
66604569
76268800
63269651
187297798
45173677
210126210
230250777
210126109
210126111
230250774
242715849
260811876
205754896
205223346
206641641
261113520
249653783
252661763
252661779
253152852
250001502
263326015
263335560
216336236
243033444
210126093
205759853
206651357
260811881
206251531
145494544
210126141
210126254
263326006
263326011
263326004
248808002
244290111
253152842
214921224
200817214
76269284
210126097
210126168
210126222
260811890
260811862
210126073
210126081
210126157
253305471
204957880
252661486
244299450
76269419
76269282
203222376
242221174
205728739
230250793
253152827
249957592
183701100
252661666
252661453
252661615
253152864
252661773
263335690
260933001
263559154
206641298
14802173
45290334
20206518
186069360
183701081
186638901
138306725
15622034
12052782
15474106
160823793
13192349
158594764
173426064
129347072
210126113
172567262
205223419
206651599
206649625
15431668
206643287
230250785
45150482
45150503
12054324
19841985
200003945
204957844
204871868
160796164
247330019
244290297
197172034
105614908
107394298
182123244
129347082
192560864
187450016
198035636
205813984
188131782
63273368
63279314
33517783
73581349
66195810
76268790
189311980
186243913
188010334
179781740
6783133
2161569
210126153
210126178
210126192
10713164
205759126
7038547
20064662
95060535
253152862
242715857
191421887
248808015
204871875
186069354
204871870
201145860
13798634
146621523
45151333
182126262
186312477
192410793
192410619
163297630
129347418
129347129
130393105
214921275
188125892
184629156
164588131
210126091
21035039
15470236
251063575
73829699
4265611
2161693
186069356
15470305
109339493
28349983
208678424
20953698
210126214
15785789
205223248
206641378
29266975
202329769
129746841
77659718
12052945
20706860
90709540
13121129
