156652130
146515254
171126047
116024996
54912188
56955631
208623742
96827472
85911763
151845579
207565906
116651251
187364322
87094621
94589749
73618658
73618586
54487299
94569460
98913151
131123896
155311621
109358861
183493512
174404282
88197283
209467338
113444648
113063992
157635971
125397100
116566825
56954336
48546306
183556534
113424574
83401590
191959452
43874246
171619194
186689645
4269853
186689353
82903330
248801283
192193329
14762384
175836295
183491061
94567604
158679131
117082787
119253853
75360510
58494229
201118786
225974456
66704090
262031031
55638009
46466990
104034175
99953062
203207976
262515110
172474824
161028527
15309836
15360633
171916607
59080424
63924910
177711941
191390294
124030607
176137603
122069311
56962894
68608604
63837667
146364265
14614541
249248508
146782278
92710504
147742913
102519704
4269307
71561693
766420
212470910
184287725
174417041
147050196
100222219
15367360
14677889
68608842
128868004
207303223
151800995
192413381
59444463
207497428
176404364
176634822
117083817
125783087
166412614
162032661
5859593
9557628
180990099
175867740
54903195
129300163
185902787
117153683
111036352
167906749
173612976
15363095
108262388
171907403
70538101
185902366
36824654
15510033
177712128
16645769
174404068
68608991
137667576
69763021
133081474
31571292
10920949
48614044
54823950
134779068
249250262
102572518
48613983
117154075
67996635
58420702
196898178
262388791
220662131
112620810
127050110
174419847
35908681
260937819
100432483
52264717
171619431
150738744
195103280
181114062
171661728
165626577
117208404
171661429
62323199
252868689
260939119
102875288
177274436
191581780
188914420
155793055
176566509
193425314
193432796
184301915
188914698
97844987
181112199
54490010
193589972
96305479
71155626
130969557
189632944
9557782
125778584
87446252
87642200
75359916
201117979
133080864
134305108
15360071
196392891
176151480
14762488
120495622
160617299
28323390
156189018
122069401
16646163
131125063
23015242
23062614
131124102
178602943
143689426
111587011
14901920
190233156
134387129
136106081
51837253
197223440
15309957
35630532
14625921
50707362
163546634
20688950
16253777
208410504
137472229
168518580
48300897
89429463
122559328
15783582
28726300
52254592
83394186
154785066
207824496
56424855
127052675
174420449
168119274
117605926
176825576
202614700
188914286
73616707
166081913
194516002
48271729
122559431
143118049
109059855
20883752
162838299
188914128
188023795
130866440
176560367
161459744
121649002
112990594
158757427
177712657
168200426
173174425
94563317
192194169
110361852
68608418
192367917
151526135
177891008
55609838
67733774
117831090
108201803
37505964
110307400
171908339
184815207
75801522
45620454
56066545
63841187
49363846
164037084
149916600
203434457
203887859
207709198
257787973
52264089
130857913
56028468
54354372
177318620
186689830
125916515
12270674
112866769
192419482
13677619
76704389
108262253
189678597
68722466
98102105
54486202
94570429
82855185
213985186
174516105
55056022
214261956
168526894
253143040
249156201
260112941
207597117
212334607
48607422
23026347
87444849
263074851
173079141
76368503
93711030
159133629
173537051
186689718
185505920
171619650
171619970
120244747
2373561
53774764
48161466
7856711
46467114
148081228
135232410
193422613
160517031
102888084
42721421
87895815
108262229
14762417
83615583
192419614
250027856
23018251
183042565
180958758
129302197
20820404
185902607
117668921
48546330
177922838
120855913
171648746
111586703
171619350
171619259
100511491
100405915
4270769
4247127
109427139
53782098
87378091
171662257
104909650
177318516
115886235
73613871
191775498
187955424
186689628
186689587
186689493
147742873
132809873
191580954
193429100
174400073
174403047
95059775
23064311
53254745
55892441
152348255
152783615
111586881
162538803
180327608
174516155
89198360
91778852
120495695
134387615
131125460
48427153
35220682
193920401
163747212
185902569
26115469
28726685
12270311
175994893
67902784
190641892
102572724
176137830
58939962
111193459
110926034
96305335
126012133
41267123
177722531
48042796
69300435
54129087
62753158
56954306
181966299
68610703
72168651
214664643
111193923
145763249
174409100
195881155
174401377
160516524
190179793
201117559
113415337
110926493
104532943
55890162
125779285
137667228
98625615
174400335
209463700
193970558
160903863
110363054
54903309
126678434
242087470
156648901
54130489
113415842
67996200
117082813
52124302
37516373
82550097
137472190
126118655
54796225
18406663
109817047
68958479
117084567
157637943
15658471
125782032
49400802
197222714
174404411
178752606
180604754
63927696
51464666
76258515
109817228
74768116
48326232
132035568
109358947
21880092
116350812
148081424
111585818
109841372
15358828
67918204
95228449
70614171
149189296
145030080
184815281
116020844
177714402
14899020
156651280
15274508
116021563
103744286
198127266
160325043
169768388
2146871
73618450
114325801
151845137
201881577
140110551
157245239
191149650
198922259
154888991
165907688
131302052
190794606
240333009
208322327
208911666
257788612
155238597
155232571
155233531
201062266
139236058
168078077
137219816
154898757
135841266
121661503
72623295
144505935
114327512
119218093
167258178
84671563
136424001
159050237
157251475
204403899
173816628
158657547
146511249
72285001
141278280
19711835
140110513
153486647
191054571
191054805
130414179
94420905
83518116
154413091
143425771
131303354
154892767
181785301
131178002
173979057
158680179
72849735
121634919
121677792
19706168
104669817
213965025
213680229
191150323
101635890
146503610
87043648
72666542
84672341
116634968
19805150
72870214
152088766
118141648
84648762
83517656
104707946
120796676
129394871
117584024
137220525
109341994
131094138
191149987
181785966
179417339
151845250
157305629
72861351
158658263
201864435
204008033
145180850
19703089
72666072
114327673
