203404511
71919767
84471644
72740548
102743603
197214924
125730186
126035461
82895920
108246361
165888253
117082171
118842875
114429740
117083551
117082754
177995671
127366322
117081953
253380879
195454255
189941343
246967566
94023776
191127022
172001514
203983501
176823848
203455527
145255397
193178269
196955408
73097294
208906302
70537921
195708766
174295183
197595900
197595971
177995452
198978363
199547559
193370628
210428470
174296063
205710141
171955287
263337088
262808222
195301872
59519227
127351846
183920789
169349059
177996193
195454463
169348062
177045560
202596240
104870622
171824687
191821003
212988998
192178433
34636513
129495222
208127234
137667931
172439062
134976033
116005488
118589898
34628521
83778368
181702941
73088881
121747271
121748591
174295810
113064850
117082701
242483392
72179552
73338619
73500891
208687086
198502076
121010160
184057149
104868994
125388442
91530887
71919713
73357505
139952560
115009631
86321042
198463753
72682602
102753727
200793095
121597374
161027439
66615228
168370496
69536943
154903657
176293051
165920087
79953437
208906346
117084016
109359443
109359156
87217043
127352704
129819970
114429666
168239395
45461342
68679774
58127744
55366963
40634559
51885670
51715328
167613136
172490210
195245782
208785797
201565657
87729090
174840320
58556635
189542984
151967005
73584475
140212881
162143759
209398763
248061444
179153460
66592828
158012928
162142625
182084276
109585278
178332449
208644205
247814617
205823523
200947585
50738499
129396334
78968120
111548929
204319883
200731983
151033752
189174117
114316084
202657796
101933813
179153167
187248040
199101108
191148702
204626804
198530425
207697294
104515202
146594998
175787827
46061015
40543501
125167956
251983113
198940004
200688635
149567278
197386832
78967368
28145511
258734641
191547445
107063398
76696116
179147571
198536649
75999561
102038696
168775746
106788179
68694991
169909684
97901659
87219335
59455662
111232103
187593586
109611305
72038206
114207309
208645869
208493937
14809547
204665794
67729376
87612860
177994523
199031476
207817488
204667172
103369023
248087672
200619559
179152971
179154734
252764419
72631005
196950026
69286182
178602149
204662961
42866622
39070168
208173368
187315048
201243165
252891625
242072946
187255914
149567202
210978105
179154511
179152366
197973757
197974540
198939604
126032573
210445448
204665068
175972337
206360583
14867606
24742457
74212144
51987784
111551879
102394809
186490121
78967403
179149238
110689169
183921295
209882036
146231624
80901534
66670292
23837867
179152297
184629961
101118705
194129372
179152044
195902180
107541366
109135216
166008089
244311492
141516017
100321358
163896870
191148823
208559294
209886643
87218080
154886508
141588773
198958846
199098953
193763050
124861809
179151256
192706048
253188356
200913586
247651117
183920919
110688681
125865982
182315997
72025357
10601296
39086576
252892068
179150684
251926439
202763294
253189230
192386563
206335641
122961459
141773136
199262649
165688988
197781310
252558375
87130468
199054277
179153733
179146740
50327200
66714607
201630036
182305840
73605849
146628886
149914551
176247091
32577284
71680078
192679236
72769364
198426872
179151926
187826728
185310560
208686584
179148910
171069412
179147608
197974570
111552149
128360650
198957718
165238037
203925853
187826177
204666479
78968677
204668286
129825272
179525259
167618477
187825780
177705398
137380830
119904345
107540898
162548918
67930302
108588126
118043700
128260445
14838008
103875236
247820735
196055558
68820481
195638661
253259462
205423269
168664597
200915201
154474005
192445513
252876398
191218942
113198926
253175967
229750233
46575947
179150576
127617533
197974155
185310558
202229622
40420797
175787679
178028744
204664238
136839291
174893086
126411917
117344485
144082045
155549234
72954040
195148746
253175934
187825778
109134961
161412679
198536632
179148315
119220445
104515116
144141426
192129773
204667363
158647520
41073883
124414900
131299851
157827653
89057465
73166126
204667578
80053677
248106848
113186611
149567345
199900239
185310505
200652532
179147836
179149600
209273592
253176828
106083043
122344907
124238582
152892614
91053920
51887807
115134663
204645805
136838982
194421535
80878909
168324445
46632410
163824793
163896871
173420824
58397316
197172088
160990933
252892533
229704645
195283583
194807297
200687584
248296432
206651321
167543398
191570433
172490131
129820471
182550762
146138989
167972805
140580379
181119009
136839113
202231673
204646011
39309638
41931700
122712058
200723537
108997374
176246972
114292454
144083529
54119548
200912861
198958059
127485572
167616271
134015220
151712137
14886068
173383391
206127333
199899513
149567144
171069828
186318812
187825961
203969632
179152697
204387257
224026734
161409884
75618199
192711834
72688411
81290231
107539407
39308187
173863815
146593684
125021833
149396401
146120334
178712201
178329751
195276537
204666684
136838657
141773946
196866041
182550779
72753518
