247328311
249152967
225970665
214762707
205218003
249152989
251548598
199646477
252073548
206481181
252575595
129863166
129863390
137155201
135495757
129863595
54679554
136759682
57857594
82939440
57857585
54633393
55708546
24368231
57857600
21604429
87553702
55912702
76042096
15508939
108674470
81829958
95036883
36362285
11226304
54672674
20446571
1724079
54645799
108696888
57857576
57789914
170501472
21604549
82432347
144287264
258861506
186607926
195444353
54645790
54583092
258857906
196951261
252390117
247803560
208255413
208254965
208255671
208255686
186607689
207041107
208319890
208324147
208323547
208317732
54672680
54645780
249153134
252798051
54633375
57857591
199103176
217612001
263107832
262749248
208321175
208317275
208260228
208322699
208317348
208254982
206474447
208323604
186480137
82704211
57857570
57789908
163747211
258857853
54645793
54620174
54620164
54672662
199103646
16166404
207195323
57789926
205798272
138898012
253214588
253215379
208255394
252073429
212323799
208260393
208255277
208320380
208255328
208254909
258857858
215389589
54620148
7947445
59360120
57790013
54672655
215592256
258857856
40942120
263276981
209390893
208322748
186607765
208320334
208255211
208255228
208320591
208322968
253592693
179711807
262897209
57790010
263311052
186480201
186607834
186607604
208255345
208317470
208323145
208323448
208323726
186607625
208260317
208319709
208321115
208323198
208317379
208320154
186480092
186607772
208320768
220669036
57790022
54620194
57857582
82704165
54672677
199103453
253214726
186607863
208260424
208255076
208255723
208326728
208317425
208260478
208323988
208317295
208260216
208317490
138777775
133830913
132935334
138124599
138386885
139150369
136430815
140964681
139192418
136354396
138384828
184773645
135560917
138140855
132042792
158175295
124274117
199103199
68106406
249226880
82909276
157254344
194041302
89893984
45261121
45257925
249169867
204712095
188713936
147978819
249895499
157254400
177736661
172157532
169851433
147122606
167749351
136939999
66823088
73851243
96356819
73854134
103457760
53496796
176130477
76104126
36332554
91430936
103459131
35936305
83938945
82912114
155608823
209414464
143113642
104097173
82910100
98632063
76014088
184288542
45347246
4193305
13121031
51111472
120504855
38075492
100298409
136094826
117580885
95125536
77718757
196478866
168356859
82939316
147978723
82939418
217332303
189677141
156271733
109874262
174579225
160315146
150991651
157084663
152925732
114687462
174445639
191328848
204038357
173552151
169416220
147942962
99334169
198227700
91779850
100308078
128822385
83938868
96319126
82910871
83939451
94227148
195444402
251254168
73546995
206651826
11506821
249174078
246105619
188713981
149312271
82939270
191328867
239311715
254146331
29453639
174469089
212558148
171176988
201652691
174398354
207356594
146393650
116972358
93871319
94227177
195480393
143113033
33385540
12030460
82910331
82911330
82910753
159815163
136939988
86561986
57772340
82525283
96320283
96319297
138824578
83939259
143113482
40429338
184897054
1754647
196225341
165144745
135002003
146945564
76138793
137981050
263025360
19731888
98074505
73261538
140964716
174663186
243165554
249259212
147978815
249174100
249174113
203910869
258884849
249153168
195444245
195444181
195444331
71907095
253409302
253407248
192693255
208056738
253782646
202070729
208320325
199103305
258857861
216935479
253408449
195444357
263276184
212938124
263358430
253409977
263352112
