90196102
144274217
204281335
141394062
48346388
177084840
76600626
72078738
104057896
106638359
90951247
208070120
205080934
99488146
83517474
145030972
99483092
75802685
20527567
104159910
22493704
159814991
143159461
262247945
181777078
73408257
80654424
99488632
84453639
111585908
81927450
103979457
26382784
91928966
72955646
75814065
147699093
106625239
76600628
55359634
86018972
99486188
99146769
85692308
56321436
99146496
104058522
75802860
52132212
16632635
90195762
14147703
24997357
146633614
253276669
209174374
263369480
99485550
76600344
76600558
76600781
75803421
140857306
81928310
181420081
75599620
73828457
14319612
75448534
31917991
44712844
55726076
127661912
145555852
75947302
76600795
132255665
71918032
173832691
145029623
99838541
153592565
108364843
148680020
11228365
146515213
176384855
198542814
98156143
57729800
215072277
146363772
130864956
176397827
157413040
135270417
74185086
71561061
99067101
57760785
106987492
192946113
48140750
170125909
189611903
164947943
74330759
174842919
110024281
165041001
165041005
154902917
145030570
114055969
183920435
181908551
15516610
158655556
169269965
173705067
158474964
74343660
219456984
183920311
193368168
176416690
263604605
176292745
197596036
249942992
80653751
33347454
260938645
214762195
215136324
208115494
263337990
263369047
253277410
212461369
247449610
263264303
263077519
262814872
250070830
263333615
263333484
207658499
212036057
76600539
263079973
160683617
170440444
197290123
248352178
262829933
173626651
263337894
202152172
195302400
217476920
248352144
76539418
263392186
193280347
215069790
175904439
96147828
77602335
77604723
208179405
191150077
163029570
9412705
28640809
121646878
153804997
9417046
140962911
14872748
193281097
145434529
146611193
52152798
52656101
77604683
53283009
34528140
153805223
153804425
140962901
82442435
153804937
78967798
78967335
153805065
213306952
50596481
208591671
44921834
184075392
215069638
53291302
77602705
90065909
78968648
153807279
113175278
117184262
153804909
95059850
164052509
73218470
116075298
73205004
191149110
136118843
19455735
140963202
48077080
195162290
77600816
52653931
78967725
121680126
89429312
184072326
175876442
208179582
252002064
186080721
48077173
78967590
154245379
114334735
52152182
53282802
191149501
68230778
34527548
9412566
78967940
153804542
50701079
167777293
184247626
175904591
253277486
145434511
145434463
117184462
34527665
14872631
78967654
37535985
48077126
183910874
201833659
77601492
53281687
52179270
144757063
188382233
198984597
53283479
77604939
149480682
78967295
78967484
86125338
213527277
96149824
129297372
48077008
52657560
53285360
53289489
53300720
121648540
226229979
175886338
14872667
175901429
215069823
153805263
191151083
178733535
52154970
78967377
177164085
201623680
167777115
182552404
205819843
52655399
140962797
153804449
53303032
191149951
6939495
101657019
53303559
77605013
77604841
178733576
152694684
37535171
208179645
77601380
178832631
78968717
171645200
167777071
175904808
140962722
167777239
221231536
37531289
184070321
175875947
52153153
33136098
140963112
77601103
262681490
263291708
262072875
187825773
155231800
208179519
208179548
215082896
121647662
190367542
253276630
263338221
263358546
215069660
263368530
253276623
213157597
215069733
215838355
52656170
77597941
77604617
77604002
52655031
52153346
53288804
208179385
153260246
74196261
78968415
191822020
111587259
113554042
140962586
78967324
78968018
40346533
75627242
179413903
215069749
215069609
175904490
253277489
215069914
158867671
240592404
77600981
77604734
77601224
52657053
164947888
53290524
53284152
71982529
140962758
140962666
15251244
37527313
140962880
78967404
121679726
140962983
183948442
184071189
53297678
145434459
208179737
77604969
53286421
86128360
79429297
193280682
87217286
253276727
252753922
263296925
263336571
263338113
263369759
263368817
263370016
260921070
263329732
187826787
260928485
243098597
193216002
190434110
252754405
263295765
263358366
