139612738
155703948
40426210
124243433
57681080
73832888
155182661
127511139
177188082
129499073
94999380
134357694
77565625
54744198
25692855
57403207
181186644
70209008
113173796
163477548
145290255
145290295
43163634
15671994
143827771
197390445
143176540
51893305
260222482
130507185
261989750
253253593
161410542
161412495
161413027
162261748
171069929
248637817
90966894
21147050
75364523
149567113
192832777
118196372
118196359
121343441
201110827
172918163
242433184
83778676
174622457
170126850
124426741
126103337
210424625
207036517
73493520
14984063
76042234
155181518
109836938
155191174
194121231
155192501
174621679
125022239
130459149
19746120
90062392
19746130
186869311
76131627
151816914
84764909
84764918
124416118
104666790
54998968
41198210
186869518
142755892
146769831
74887673
182550840
174085727
97603851
166541274
175998602
34555968
173447586
74005978
145290096
136838498
132314451
135324827
96501021
221712318
26731073
162126412
175143894
108942755
124862067
164317175
160751459
165148379
145289889
192424689
76274701
254125049
106514954
192814387
67437794
187826924
170653873
76139245
175788599
175788129
146782703
162599932
174223202
193245710
171219027
54994602
176288787
108098333
133619862
175787324
151980359
196813020
75618243
75436031
148653167
186215325
157637374
108048169
205605991
98874993
183112914
109921793
146780250
55009321
13354945
119031300
114659048
56923960
168675481
113290524
109932466
10954505
157495243
208171963
205325683
149567321
208603371
48649282
124243288
14294379
186866027
183038471
115773362
168353657
41133125
146769497
5518489
137644195
155183007
186868432
157636560
30696440
175793858
67474653
94634989
168503383
136838647
136838568
73833019
69098856
54487680
124415653
148637394
72034011
184912964
146780385
191375803
186868594
109933720
109933481
113256105
175789602
31625661
194445618
128876774
145289830
145289787
144634639
66195176
20688438
72302628
192121479
203183853
10915302
191690959
191690754
235588700
197971682
197974375
193243130
251267851
155190897
31678839
124243605
174256671
179539217
104665947
73682752
152457283
11435325
55360607
68891832
185948922
52139637
123929954
6697363
146780344
153027460
146774157
259488754
175789092
259544123
54618542
45357962
30696458
255076880
196247391
122833565
73506592
171070078
190755267
192832910
191690864
197973699
177971300
152521865
177971272
187825941
176156408
161410141
200860916
20954085
124862092
109922899
22196473
167656943
184912817
136839462
84765011
94635923
53130957
46243215
170277181
114442193
76141892
7885300
84764898
58081355
185948913
136418252
162598900
186876477
113069268
146774192
113359970
119040060
186867382
160455306
173711788
121597459
167447410
146774770
84765651
170649877
86162038
84765610
109933979
176141913
48758206
196325610
190603155
172057370
35145152
72478117
10183886
194325253
92948509
208173274
104173220
71024416
75396069
161569679
179152156
75558325
75615311
19392552
136838891
76131526
185806970
191415411
59306518
145219488
59384683
249156609
194446160
78281774
19671097
73624028
179932321
21153836
74952704
5495659
161411679
174509188
202433470
197973610
102728163
179931086
201938148
181929640
115441558
84765030
20286633
152690242
72027750
20585098
15779450
106224366
186868055
54467304
174484967
35909204
221712600
124266336
174069032
54997757
13354959
31539900
122960578
155179601
20817580
168577225
122394538
101535186
107363616
174224111
118141826
130996695
149414618
191816272
124243410
136136207
193080869
109934732
181186313
128913123
145289918
145290226
54753762
157637222
186868975
57727885
135362882
35909475
208070989
13354972
190468336
76266672
196923272
122939091
5502225
187826526
180867379
197974175
191690930
50188821
116004423
52781066
148641720
113278286
38217319
84765587
108712990
113232089
19807472
115441188
139621554
75617956
