50357786
8417938
173872682
126167761
13733965
57773784
115795900
85050595
133213814
225212158
192812491
96313191
170506300
230206902
181940950
196342111
117294106
192014802
46786812
195281876
186351945
53469662
22671266
114366684
22045787
102047657
91602655
22120808
86671884
22828393
125784689
86515708
98162539
210965774
98084921
142673716
170437669
99884257
41380884
135269749
181107909
181922720
15347157
226034001
7307773
38039314
174298149
130080133
177810644
56411311
101861863
57636398
96311942
147420412
159444769
201505269
84545312
89151738
137667679
95153285
173493725
133851925
205231848
191756012
98021534
108464685
96312454
207272379
66580395
43588124
217571059
150855652
163707834
212080263
50415667
191946560
112363366
150837737
48069791
56047959
193920730
208251514
50296572
11055801
110135422
72875471
73287142
120758402
26356696
80703607
84164993
162402197
21981874
94901042
79397092
133858399
120368647
148842821
207356728
114779021
117496627
207292303
99651421
22028136
86986275
7959632
22045879
172919842
54733110
7221439
212053632
174529397
140183970
117496273
135269667
213559944
34728866
133214228
38135292
104247903
116005763
153772460
96312175
138724376
99072112
124488519
34129033
135270033
135270012
135268998
171448627
202803952
101488018
3602761
117496305
214916659
131337463
139206976
35245441
217475841
158977061
103892486
142783422
73247724
87592645
40820566
22030125
22029772
53060379
49648533
133214443
51499479
17944452
191906925
202803925
136849642
159445026
96313050
141651691
179745846
201841394
171448638
48100017
100853558
27525411
133038441
116042558
159444811
99466283
66504660
161258691
76295882
148841305
207359189
148843546
20608947
190606470
167729852
117495858
82015138
198413528
46242771
165210426
51107074
124973287
174014456
128269191
148586570
41356942
80397106
103892673
82433810
76001063
58851415
148843797
170166216
174179991
45979313
15335326
57773359
114505810
122087497
53218560
130813438
116841990
25903423
174865494
112694681
220675947
74635051
105710883
13756200
116044411
160941245
50417505
119702789
140247990
123509635
89469190
45083834
90800556
87621178
98119068
90476806
105537366
202768291
77013580
102763894
148841849
13350233
35817265
181911901
110999145
179750256
207757014
117496133
20611838
99869468
78960312
73534067
192014487
51296000
173014176
213966894
139142707
135269457
22669975
205713698
81419271
160941187
168353621
125355104
161258706
110039030
148867334
185028962
93485383
86577947
79245320
45700022
92511233
138072537
96408569
22127446
103369316
96444353
143842575
72126855
249659493
87618678
54679235
57865269
193857889
195715615
208214149
71556197
189509831
75797629
148843691
25973253
53880553
160217257
139206303
202804046
202803914
56417108
128292260
88262116
158175256
15131352
45872492
217570997
248800023
7074777
138558756
77650453
136849960
105532621
103767591
96313502
46688980
104251425
15345877
81513618
73882896
109936700
182551395
135286556
106235902
66643850
110566759
98899409
249287428
98084711
110187588
157042591
50325170
22046394
79243223
205256647
95714926
22829303
21877662
125781981
148842120
262550331
249494467
191815000
144668571
148842451
148841424
191818920
84892509
148842264
69178724
175154528
173399297
135269566
32216288
101552535
191948057
135269261
183041096
114774703
96332065
40869482
22194377
50298588
33398102
213858502
207271622
176156087
54734821
120462293
22779791
91759675
40781023
45083476
58685162
35331495
22028266
94901022
48102882
222676978
3236053
98021546
13690423
55046431
143503874
173885334
227057517
249287526
184783356
183362218
32591480
217571375
132857760
217570977
201638041
133214220
78503833
112949939
8082584
146712117
22829094
22670921
87705960
21934825
99072264
22828927
41160037
45157958
242483621
133854858
189492433
148842329
90527199
50263693
226034093
164551639
109936581
50257073
133431608
20834802
202804041
139206421
130459435
206230138
3712399
114778740
11030150
260678596
202803993
3712321
48716676
141072552
157428599
126809737
154248114
7253541
79386678
133213836
57220317
50294271
96312312
140542736
81599986
202224324
89237649
89588195
171937257
117496340
117496006
19901746
35614618
217171453
86562016
144273667
207271457
114471197
217708367
10099326
45157932
22026627
19637161
113106047
170676891
45158441
117497102
89465671
21977447
116044633
105536750
92513827
133855935
210964850
90527135
85755018
148844470
192581204
75990888
41133114
71492516
7959630
117496276
174493940
96312756
230126800
148700626
109936641
166054984
177012824
141071267
50394718
181113733
185991987
167964726
173863679
158459674
85046198
243251879
47134628
171876136
70661018
29184048
170868745
22043972
102519554
90803493
58479472
27524555
78919954
108490111
95217985
105537803
45150695
88791808
135079887
45605547
27733778
73590892
148844059
96313304
148842975
98085076
148844165
148843913
148843082
193857156
252633770
193921070
72584649
183040166
212080304
128270749
116842034
226033916
139148871
96597967
220672868
57636291
135269791
3712315
175188671
136872491
32216764
139206374
205800200
143061453
103029692
118143433
75666126
83617646
46262462
132857661
89714721
190530668
100853764
164695365
213561114
116043648
133246090
57519583
21929589
157042604
22388704
89152184
175534129
84484604
109936632
57769974
86151966
74257869
99652728
90526659
77157175
192583715
74257619
148842729
77751594
148842402
193856796
208309631
262665916
79386336
48886719
171448669
3720685
35131375
132857719
136850028
196320828
153545131
202224174
94801594
188963938
19441438
46688692
24201614
175210346
72908517
118834759
120483302
205711197
25133435
159819801
191958603
76819295
42436957
212080222
126150145
23598835
118843486
109936651
173867315
183040171
248351370
54583486
76792985
1579671
202345615
248802083
25050055
97941438
177933108
109308730
205709805
50386079
89280305
109368689
51655186
138307889
201653190
35250081
96313045
63921348
115566673
96311873
199144485
105712558
114504816
174013879
215559348
86657614
86657707
173653393
53406675
83617432
199011050
19774199
161937023
165626359
75396493
14709958
143362628
173167879
8246850
138456544
134352570
67865335
96312418
82757728
89947925
171501533
137808833
105532936
115577844
103297747
136790884
173864902
71664301
158418214
19404541
167966679
154861134
197836093
197836155
140778280
75556108
89894051
84446663
146927914
84648445
140329370
98641693
200038941
116380139
253152267
135816030
108116685
198254461
71538580
68491006
74869934
225378728
96312246
116378180
166006697
262061816
193666317
170730049
180323335
205515086
205226392
160299655
145466900
213495524
35735237
200038036
143488008
164991498
204821651
108342035
25699704
74561107
82759444
158695030
159906554
83616526
253285917
200023622
167960369
167960907
114292852
199740009
197836086
170433906
178575874
68611402
211952132
208681366
153988726
186749841
146223343
200032426
72049799
249347877
103281253
74362211
191500974
115125428
94985346
140122775
249593226
51523906
206134714
144044954
138897772
137672235
74559892
187411289
168712413
167966591
253108488
138897520
196561132
143405934
203456749
113058017
74597963
35609260
83617217
201039288
186210534
145552797
124146534
208185528
48933940
143470973
175885847
13884185
191819043
162211531
173877169
189592787
13735662
117489904
201628640
82759692
79843345
135560781
96691419
71044039
203177031
43750282
170772199
107393375
73167671
50330525
144353389
199839031
176170471
49502969
