89715019
174824609
107760128
195305037
181371767
11613060
199526541
194483285
136790878
88085690
144513703
202792618
217478937
80737773
67930359
48319926
146226142
69244505
194406182
53826979
87984650
109711695
164339064
204429520
143488007
205723929
203183889
191492806
84714066
164465470
51696671
144507754
148007335
53825904
156219644
102133325
84159545
94154858
167965914
171184643
159314953
80738038
77285099
212211995
201104000
68400577
203110363
75553492
84158686
181805593
49367266
247960062
210276122
167402370
17960166
191819617
10186657
203448770
48723314
189588829
87910929
81647277
144144888
198481409
190696440
158808057
77285450
202598591
81991975
176692544
158695013
199753666
77109316
66234800
72538129
214067121
75396765
199650883
95248612
82756917
164076495
114290075
74870178
213883743
139149044
76278036
179523387
197836124
33597160
213774376
58740273
120220324
40743444
181247577
196085566
167960842
176811383
82760790
85920123
71538739
157560085
154880492
39362541
72541469
179175287
170337193
51904302
4300669
138900748
96312872
253108597
210427107
207552316
155782333
45410480
195656603
74387417
99515029
167903371
143144649
80738117
106683007
162537277
53827336
179156249
172373121
45469497
144268605
72050320
152345436
196955159
124065930
88085902
81644917
172527701
200001984
69211205
49192212
96312308
139146711
94796889
74219482
86410903
72669794
139140335
157559655
37970079
184607386
191804669
43842180
113484108
95497713
205019473
202863992
997782
127778564
108028831
72517196
169772359
207209026
167964382
113764396
94153835
119104488
196956253
72519661
91276463
95247818
137847141
133812827
74987709
184486781
109264336
70651669
115125880
167965436
70552731
52259277
213987323
202895615
97332061
79794342
101280604
50555538
133675469
138900716
19770523
194487117
143468513
158593476
217610608
140613702
83034017
210418249
89714334
96313095
147100148
92155932
228115182
116021408
82703686
107154852
153390728
201161754
201795794
48951825
142392800
199549762
179175811
72540592
75512410
205713893
181805539
186738636
74219607
90188908
129452463
171546942
191821673
77986139
173153670
81454847
167964387
147664620
128292797
90603209
200037822
35717887
73777833
55153739
71208396
138898088
97433431
110109891
2457399
186193072
128971011
80738312
167959954
176692535
75555031
205723822
74616394
146194526
119896210
96312976
172154220
198078314
178577080
173167289
104794882
158695242
243086236
36810637
44350707
165789696
161951141
98641714
81992016
90365431
22884536
74219904
193282521
114448409
72049330
128938748
79637646
205710536
140330525
194042875
14448418
96448917
140107324
191494175
96312713
51029697
109295903
252138920
133933670
63177935
193201530
195713794
154898776
152358084
205224896
191819251
109296447
115009745
114506641
5914559
72535740
68202235
87991804
159244520
112531671
173664896
170421786
158757439
84159212
81645763
107617388
145224744
121988460
127342709
84158827
174035741
148006409
89052839
103461001
8294415
8816124
72050932
174272576
202598590
247766833
46910990
173167768
191591855
96023989
101456580
116021446
109295338
200001851
98017702
72737779
122870621
68279928
107153999
177722085
164458344
98017978
196600487
89236914
161207949
157559334
162745848
106505745
193860308
158183629
89211511
76396659
96099225
97253200
153515413
101905975
31961618
131172564
24353206
252099077
109473333
184468806
159486341
135287397
116021297
208743625
80698416
137807956
71957779
58652379
71542919
202773508
148006427
138904336
77117111
83663601
130437704
167965538
70547663
146713510
144358596
207209091
77197008
71656394
48811509
139973203
205104446
98641266
144535050
13612188
138899124
173697527
4343231
74418920
96311862
185949537
170493616
165602381
103640598
174888511
77154551
142699563
97332103
146573699
171848756
118694773
97645199
113190330
101337971
118842568
143405936
104867963
205723926
124273891
69165737
198452035
203188531
187952503
134979407
208438452
259489311
111554149
102130032
158611019
199839326
167965576
15510575
246730277
175552860
97040108
97332214
198692553
92157455
76833813
200999712
99851567
71043986
144270595
96312712
92156565
149749870
99516375
71659506
107368098
83034544
173578695
83617464
90366120
161208498
128292379
124065905
186156902
157498908
95247200
116875318
70908925
108121383
71679754
147267377
76038389
185495806
249387516
96313282
252662637
14051727
69883956
71531851
199012036
125907602
81642136
177943689
103457754
51693549
100420288
103113491
202657467
202907096
194860672
129427364
149353196
130364569
146255090
170246287
196952054
48426559
203455897
109068074
185089061
146086244
139497668
80401883
197518801
108511442
48865631
249944797
124038631
74942636
34198575
74277230
100347131
139495022
37941884
163938287
185910291
128290863
89238024
77197649
76208671
193860281
186193317
55064329
97861143
167050074
96312215
158694474
82759745
74038944
173907912
2154973
83924293
195927863
169463128
192782522
125782497
79843331
134528797
121988621
75554002
152313179
24188359
2302095
96079292
75314023
173252107
117285636
101279001
116021356
209899035
121797568
43842518
192580750
242703552
185516355
50483175
134662304
208634079
97332429
73743853
198692533
114120155
53830775
83780229
81454049
135560674
128310728
167964662
138901000
167480700
105072570
92155202
191689362
140613723
202901739
7294657
121980722
153988048
242809028
38344287
253106841
249646095
248754788
172977554
157142836
119419487
133948875
86411763
198300592
167580969
1263787
100315006
201002509
206246702
101861830
190463811
184486687
109264228
49957430
12226178
161384895
95246962
170142425
75514171
41638206
214067601
142145428
71974159
84726778
101783029
2448375
149764429
206231239
196319092
175150471
217477251
162745878
152630999
97645131
54096558
138900444
158220346
74176161
138152142
7988835
94999955
167960487
53381483
140791677
157559775
124065440
194814165
197606495
158624375
110165966
80527721
8242706
186094194
191419956
81640999
183290816
182549304
199752059
125620924
133713552
171791829
72534651
72575894
192788438
128293281
139144759
164338964
67908624
131260720
76054024
69191454
101597800
249568282
44058504
143328400
53458184
199111314
161451345
68604198
72642511
136790857
98858599
59099766
96312715
158624428
107450569
48632095
169472861
167581021
84447854
49290183
173724418
47964234
19393873
172977326
127348153
131338474
73746715
191819588
144505632
134754582
139149521
108113449
164933407
117492118
25730372
94798885
164946006
184486826
156219640
167021586
72578258
143643092
74892567
128291448
51096303
164536779
145754175
105692166
205713480
143503424
109436987
207922912
143405709
104847013
197907175
25048583
171760608
101280735
8436223
91974558
197855074
90642825
109029609
14260927
196085850
150633309
136151074
173669294
73517450
112245978
106329892
167964227
104851659
44350481
105532418
179175893
49995727
182549305
10024497
203867816
99335899
50500802
159486245
114016269
91147084
114919050
191586774
191586562
253152138
72716189
76217746
108232094
163659876
96312202
162189774
197853963
75455592
75619886
172976238
185842828
158695148
74218684
199839766
143405828
76207555
97019033
76142497
81456054
159023333
125100487
73717333
82757652
107675529
21264023
72579462
109548822
149196003
28662193
173907143
103458814
200816523
71338925
68724298
209389182
108130179
191912039
182133604
146706284
119895048
14095409
188711405
4301009
169620894
177145164
44060446
151525438
40743441
108232135
160894097
96312264
118125883
124146542
66638453
105532152
139141758
99516176
191630375
