83942223
110024616
76096997
84471535
187826264
103422167
176383074
109847362
120243990
140148835
84749132
144237777
89112253
172942903
198543360
153368208
2852117
117154995
146515413
172942965
135073463
186542755
103740778
174841435
125416774
173635775
153268269
144473684
118763447
177995689
183916650
169347867
162496705
180391931
180397256
134389726
152892565
107336170
182711207
87217585
87220090
171510923
104512640
104514263
174294087
74769377
108646115
184313258
194769797
114327259
253219280
199644881
171731401
133607839
121446240
130083592
134388585
121712152
157825901
85010533
176685152
106987617
128117504
142717085
134304843
103106339
74330752
84558765
173520930
187826146
84595215
173521255
134948207
107059392
89560764
132699947
140922662
104250627
141260165
127367456
102131346
183917304
183915096
98156724
85372981
136085883
107760655
107335965
177701002
149198582
176420144
103105246
141288523
103105528
98154227
156936626
157414040
127352226
177994178
107761177
128217427
157414175
186200354
104712083
107336029
107760930
95059675
164076865
90689786
108645743
186676437
83517914
85372857
107760676
137669724
104105919
182144270
183079196
187511334
185466198
138149166
169348264
169348804
177995746
182842794
198543950
184518375
87220901
193366072
135064519
113419557
127352825
83047437
100486156
137670005
74343641
107335941
182843624
87217270
191816335
136016644
136581497
102572616
193590067
144124405
127352260
137668438
147982143
198543653
138503811
146513259
157413045
98554443
157414268
182148608
131578408
128685556
91753539
119977094
90690364
90688701
117083302
117084076
103104827
87219908
90689121
151596472
150565532
134983396
87220879
154176552
197879477
81093231
249241150
171290541
98156800
137524599
177483032
74533817
104494579
90690150
114321884
133608040
144082062
98156625
186284852
173520904
173652395
85011469
136581584
143257300
182144015
104512132
127352953
146511569
181804834
141271793
183078959
178584638
207567350
125606914
128287059
116491798
153471735
183052610
185465624
82922940
154278459
111949434
195299530
127364971
115593834
176420247
135273079
128466218
174295134
173630762
176370892
181780092
149397339
178585499
117081854
98827209
101587388
99180620
137666388
108699186
194199121
157414581
149189611
141279894
93145024
174295221
113050480
140151176
189654156
183052559
130646188
137666963
130874070
173521050
146512037
148303593
149397333
117083081
91249800
139540460
109359615
138189984
137753202
154029963
179981949
107336214
112651976
112652466
193763260
74330792
106987516
158494217
189655798
178577325
142717101
199222259
114315258
114328018
85373011
155225506
141260035
113063772
129591800
112251649
180046098
173521304
83857407
91532992
173855195
173521043
174661071
121030219
130866163
105699678
139969625
148000216
156936503
198308818
199645003
178577191
128466407
136581789
107761657
104665507
136581518
174842797
66832210
146503841
102572376
90689684
135724944
150707514
185465761
128866135
104105031
193195591
127661106
117081680
104250756
134389760
109411496
87218253
112635224
186547330
89930101
139004386
85672134
117081450
181788706
175990327
95059482
87670633
107336075
178507380
176420142
127352200
137666745
134388118
112646627
176995363
189653828
134386991
171854333
197296982
189565285
134389270
193597525
194198377
198543009
101236066
149397328
181133188
183916690
183916472
176410532
174296944
185466135
141042460
125813297
134387235
134386914
134386928
172942919
127351801
168577619
142757695
129396303
154902643
150565387
137667399
91639268
137934218
198543016
118219281
118589119
84749253
179780787
126341565
146361740
124772577
201865727
177946901
137667591
129393818
153264179
90065538
138029947
142262931
102572990
173520994
73460971
157150811
100821601
135272638
109176883
92484813
88020868
107761726
146265014
137669264
114320723
114336266
114313318
162030264
127352358
165041046
167645496
176400109
139530160
143841695
141041262
151842004
178577961
119363811
182148147
186436209
89347682
137668362
189972689
146503073
117082308
104104926
178577764
156936665
184830165
193513211
176420259
198768322
183079393
166412611
102553158
191127523
87455921
134387337
174296907
176405314
147981769
172942892
173210348
101232588
169348705
149683919
102553835
125416264
137667507
165585735
146512587
176292317
158647380
154886577
153471706
114240362
182710711
112990545
189557457
156189092
157414041
137524646
184450391
199644985
152367524
87117582
111381537
126131629
98156459
173630764
104713921
137668881
104514186
96514900
73654581
119321112
164583105
149661891
167529713
93711320
98156484
98154272
105639563
182967074
132988868
84471069
174382921
177975966
140931637
195229118
117083580
94035456
107336044
98156565
114415857
98555494
122761982
127164375
98154587
176405447
140650511
137667500
108646387
87220651
150565573
94024309
156166789
176822937
130333519
84846769
103106582
162030201
81851093
125638117
104514535
108645999
193589929
144131694
183917301
91753622
117081546
194115739
177995582
137667920
156936421
193124447
104510775
174295891
82305378
114337423
173520899
88020817
112361122
134389507
102262217
117081952
117082703
91753841
90690058
89112322
141253147
190320821
137669105
141041575
166412558
141543059
107336096
141287758
178578029
185465689
194200027
91754047
173520992
92492970
164963601
141281473
157414311
121029328
157414446
134388759
104511082
104514939
107336146
98156114
174295220
127352676
176383080
6164635
137667874
103743415
197172099
104513186
134389699
162030218
157825386
145255309
176384936
162030500
151842335
151842355
157412777
127662588
137669853
103306690
178585308
77769472
104160037
103104747
151898312
173521034
173521233
165235385
157414321
107336024
166412694
121028876
109407011
181806865
82297600
82665242
134388863
114319918
91753624
159257597
90689047
171810013
173521025
157412729
174295083
111098595
107336157
80936086
178585050
189972691
198308892
262301597
203455716
187511343
195224449
194962915
206270664
193066036
157414282
207012838
189557641
174217293
177995499
207853244
225923637
207294595
189972760
91753711
262673224
225922211
91753542
84471734
72967390
262848914
173521199
207461337
207461135
169348315
184518357
195454268
262303131
262301366
262302851
178578187
103105016
196069057
199645151
263392506
252515635
155235586
208197894
219456777
262301771
178577742
178577501
103422382
186285138
201887240
176370863
162030492
199644946
174295104
262303035
