204957878
156732378
201072506
124147163
186638908
85288839
252661777
158594762
170846024
183701105
201145872
252661533
186146812
64042336
129347452
192410634
192411089
188712695
214921209
186143890
45288452
196966957
111911041
13173837
129347265
137675147
207226126
210126085
260811870
205727842
230250783
263326013
263326008
197172023
253152837
244290201
253152833
253152866
263335421
79409100
210126243
210126079
260811886
210126135
210126220
210126103
206651654
206641206
242219190
203222135
260811874
263072328
261113544
252661679
252661685
253152854
201146040
263335270
183050044
262870425
262825700
263045721
263106922
263308460
262818403
263336323
263360338
243002401
262818804
263318301
263443639
263046263
263046401
262822461
262822406
263490112
242748283
251246466
262870655
263318347
263318432
242747848
262862927
262885515
262823543
263108163
263105176
263122942
263336175
263337051
263443602
263489557
208084888
243002013
242998480
262383227
262870883
262821140
262825611
263275024
263318195
263490320
262885349
51378047
121490492
8557065
183906996
5900381
162844253
147782526
147782538
2073807
190110118
195447097
8361963
5900243
194041707
51544548
173627724
59315138
9848489
190109903
52107871
128732833
11856471
8557329
19959623
38268065
194084513
9848459
9848392
192731708
57985159
146370886
54404750
169734507
163574068
198349376
113046475
47105279
41266991
14550705
8557180
8557074
19959628
14098366
147782558
45301453
52108465
9848439
17448071
8557214
9848483
5846507
8557331
173204814
158349134
169921185
59315140
191804681
57867668
57877636
52076426
20579481
14793073
24538497
27922404
32214448
32214426
252853622
190758155
6555449
113475792
197495567
1578487
169716890
139444037
173865922
159275582
25917344
55853814
76271162
190503021
50604291
49473496
120553026
58792873
135281679
56211885
208298587
136878837
172068533
113066708
169777157
150493433
150033889
28300877
31570157
177134897
76783910
23297116
26229396
22612401
242498355
28036817
169716409
72800153
160621866
196024138
697127
164021995
40755055
100274209
203401409
205966248
52076376
117195760
70650423
43253659
169716881
109451218
77656455
690218
159275656
159276763
246165290
12478820
76137606
55409612
160707571
83749404
174377062
22378990
24667484
159276773
159275983
172068559
7602274
13619545
55148835
124146712
86814684
77196766
4996953
52217893
52217801
52217929
45263389
172067960
172068647
77656443
630947
171089265
79191507
162174778
196527584
159275573
73506491
176456660
193095213
45261470
750837
751034
49473196
102081176
77769777
67436945
52217768
104498152
174305190
121040096
184516666
91074091
91388990
107099166
844312
109084631
690223
172192564
32214417
96284952
58792909
110845326
158223863
159275615
161968458
210282962
51349685
77769731
74556789
172068510
76206656
32939458
93193035
120450109
185243735
146026299
99322011
11855544
133544811
108818271
122700488
94520795
25917375
114691145
90964451
205967432
73364537
4030581
844454
27416674
175549275
169716904
102739185
197496162
59077454
127199368
19267227
791325
91831893
159276624
193007576
30040456
70651305
111503663
169719370
50778252
920894
51904482
242499722
5055571
51044464
73505848
7155099
174305267
193608510
224742022
119721140
224764526
184683203
107099508
690219
56262491
116380467
159275824
159276720
182709067
105744806
79781627
57752704
77438134
53536814
211310041
19930741
29643720
169716314
185652179
204871671
203401415
13788327
3602683
205966368
205966243
210413385
125254160
72309863
174304794
32214474
181218082
173865920
159275636
171856746
159275806
194809092
750702
47238805
73497611
176723859
91388366
169716341
13619536
102637894
108982674
49036867
844462
250099210
45596092
74556813
169719290
109016916
198800173
100156513
12478805
91386501
76269445
58458018
50189689
178059323
58485629
107654066
4133843
212981804
159275962
155548232
192712407
135510039
46648842
57693713
113456300
49507866
52218066
72868421
191265468
171861112
172372721
48891055
58792773
697124
173865925
97002125
50064025
19883852
203401361
190758291
7029681
13796785
242453423
2780701
87049999
184516648
174174697
54150373
72584242
102094026
159276636
195968435
121357514
98161695
42833999
3657983
205966512
25182662
86517293
91295047
11855560
250013100
54750689
96298891
77035515
107219152
46237038
51069112
631391
5003811
158223946
158223938
79461672
27634893
168562748
108157997
191629910
7029897
190758492
203401567
133830548
71677768
153763337
159275579
193191479
159275603
250059780
184496851
115547781
29162009
173973728
169758364
14298646
104551576
117204109
206265256
70685082
9688301
159275693
176456596
174588923
19884979
42660247
96272630
751085
192014712
33764746
162170656
121039963
22379598
22780097
76277863
70659422
174142226
191553259
690504
25035230
6129123
116379268
38133758
164021931
159275508
36259088
3658139
76310649
90796266
58174395
9370172
5811403
150931331
45596498
78615622
55148328
53872236
205967398
242483007
174304725
54876999
113491168
139445216
120553069
191438631
70651262
107361941
515329
58792808
109024244
159275490
159276308
253085667
176457411
133528694
205967561
205967652
77770214
91663960
119943542
109016913
208297854
42833697
4995929
190573272
164021899
215888110
77763683
165600399
94410601
77769746
73747407
4851075
184119162
81986539
198901403
52217777
142871920
46648803
203401435
77032984
77197395
76739609
163574058
205503362
113173076
29339359
103300938
181413778
29339323
133829475
76726599
844286
844296
226560555
10734490
174848568
175574483
70667572
75616402
160860363
212233578
102099045
249160806
77317623
51376634
77656450
72123993
171087250
90870441
184997860
184998071
159259238
253526569
164021813
14598660
159276603
253526570
13785977
52189271
49673319
52076305
205966278
136011783
205966413
242498309
182480911
7155397
225924222
100759967
59317562
52076518
57834027
55329229
29914657
24534289
43248059
161394201
117600126
171056616
1060998
200671517
179979311
241850673
936235
9688323
3978111
844356
170515317
96298876
77769916
51005552
81640139
14661139
54146102
71672989
53122305
173972106
186211373
844310
844398
844374
50231602
526750
197212780
71211175
25030005
24533419
2013305
48596711
52665537
109024324
113835115
158223845
158223824
217765108
159276162
159276740
159276596
56212206
193563186
91818508
119943148
210157488
44818871
11855530
84792136
205967597
169716376
920900
51044336
81986594
45598138
51477610
76778216
169719282
77769796
77770053
51567043
169719387
51567020
203399203
920914
205503165
90406615
20888848
97876411
19898615
116365189
150619477
40753894
103312628
26024725
21242158
103847509
844302
844422
193126128
56861354
122469614
107099870
102423565
172372722
563669
96996283
7156969
170515237
159276806
52616485
159275894
159276565
159275515
159275628
159275569
2777265
911256
172363841
113020356
159275594
159275539
158223969
206235480
200646551
253526603
192977288
176456529
207041110
80879157
205966231
49473577
94410607
198979139
205966386
108946315
74556884
205967482
205967671
77770016
102081187
2780709
242453135
205966351
205966289
90797733
183119333
203401462
751031
150931537
52217857
13559443
31716204
19900710
198868667
188119641
120480764
166549546
184330152
107034615
24637369
