253313080
15463535
194814563
194133734
76136865
189182491
74182566
202235444
115610493
194345269
179400185
203815015
48055333
194498792
194818550
176711874
43762543
196800149
37733512
128689957
13363471
133038052
18002777
93212648
122090276
93220285
133037259
122418141
213854204
117067436
102129541
126146219
197879648
93215607
142288655
12073163
105029859
76476562
186350307
204538347
173093013
143954429
167473826
114567419
148637131
116619612
172338165
152092284
75403352
4170761
34968807
190850581
134350665
138307821
17615655
180737355
194155151
48413821
20876079
155720871
177058522
122302535
143866442
147720404
93235865
90324026
90344205
90324797
119633349
31140867
164946306
200850932
48563210
196204962
72606025
42895866
72769955
128293917
13363692
124418316
59524337
99671271
116639190
108212241
124155975
56197444
159049607
200671850
167964665
176488148
81645584
188851223
143337104
68062047
131138407
77896106
207722961
136368391
74748837
177475445
98329875
138283375
176581185
149746915
194179426
244175568
155347310
181802649
113886881
156651960
138900220
34968817
116639616
90322210
174112060
212320419
157055859
76841870
192886350
17349219
90720249
142700177
75819228
176489594
177893437
117973458
26703780
193709834
122086848
134761761
138385328
34464839
174397559
217765874
20854795
4939863
199593309
138283949
114922304
196596369
255076046
247370145
196906090
207710191
73759906
16869869
76266632
56700617
77137583
22368547
59474766
194039950
176489855
26704605
117973609
106518445
114685658
53484939
118208652
56995729
4101055
178576255
167545651
173672594
107428258
121227264
38342695
141218435
89122039
122087125
23167095
75797607
51654457
119633129
203510458
216452041
254146831
196226081
197744570
145717898
202235456
222411713
102888740
145237911
141774392
116639382
116380852
213929073
229776344
172338656
139149621
58281502
55425729
121493840
106793624
81758498
121649242
136368299
148017647
197886116
172335836
108045152
160830398
188050462
191422165
116738064
184438087
167962829
125742554
156652368
110484773
173794325
197885110
214720427
90324879
157493589
106656018
197651569
191422186
74540204
23394781
15463620
196532334
155531383
52420394
48050429
211300330
66636622
170179033
115723455
128290852
142321638
193758727
54103576
204880279
90323693
10706082
90725773
4331653
143921050
194565961
192547950
197648977
150185959
113172971
192020128
23485280
25037883
129578199
103876108
169517059
189897274
194159225
33850810
153472833
114656468
187816986
57808603
90322409
15052648
137463677
51663340
94419213
53996309
31140863
92730257
125742605
77966743
90323275
206832847
92342154
90323104
169303763
189383235
191822257
55984266
162745885
163570514
190852118
140879497
100472839
164540251
176488363
72900729
136028617
138383824
187838181
208527009
172337976
99672288
103096259
121335982
219136917
68571647
21980187
120538585
81535538
120035711
77138121
77161865
57350081
36032236
167395588
138901396
46132028
164945935
170651645
33622899
56262370
143112941
11208933
13597709
72193345
201175982
242889281
5149885
68570979
193878965
113583254
113583381
43879862
110473392
249309313
69403886
46817671
54353453
46192806
120538438
96324521
35216551
144277387
46680323
103469038
121332541
111413730
25268945
68570997
144379769
154127737
11427996
76411096
10726677
58012245
140140975
128815452
121332940
179193962
117086033
113583287
202597478
143112714
23291271
120538591
208269797
77138066
102014129
52578305
192985868
144379871
192453930
207012694
108898301
66779198
229735420
208179948
57327371
208009123
102012884
46108277
1994643
104109364
192934231
121334715
77182835
59169226
143818918
21979299
162574384
200039483
46680310
207522154
52578099
248179893
1994677
70796252
106056570
93236137
46261040
25150501
46192679
167139406
25268939
208269615
145773192
143818822
172318522
43768984
125359654
25147548
217275046
145976836
192986489
120538266
51030560
48970734
229735393
46676793
134227343
136850324
93236262
120538617
119363704
207042563
76393602
37668074
106056522
144379818
68418512
119510740
166152606
144379852
159654588
16235143
93236896
143959839
43827346
120538466
128814057
25876995
46116884
44049636
120036200
82187687
10787544
198650145
68571662
83685604
119407647
192714460
136850210
77181263
105630953
106056567
121334152
6186537
95408401
193207933
204639645
53629908
163793338
82366414
205640508
73767581
25876993
21046241
138307833
128810611
120538291
120538198
43880599
129793088
46261216
43768734
28736731
208061125
21980544
229735342
17336271
150931242
68571013
93235944
185947831
197352810
68570995
68570985
134227345
16876319
113583226
121334067
141651763
204043735
28239430
208061884
68571666
173761294
86388448
209378652
105206539
128805126
89481415
135287382
143273615
105159484
19729883
155642931
185500923
122592506
123231993
205510375
7240865
136929532
43834809
73537817
16855568
217200701
25876997
28353433
198650156
192453935
162044380
46054839
46110946
120035783
2340507
136929559
68571015
217759914
75083336
82515871
46148209
28736091
101644586
108695341
199549921
44370563
113350016
1994521
71098912
23556370
59554286
93237284
106056575
122437261
198650122
21045338
202659176
113583244
59302117
106056579
159444858
134227347
25705944
128805793
207358493
25298228
40955704
43743889
143865962
57836471
106056547
192453898
60741060
207209734
120538412
106056551
119218964
142210489
8069628
43823786
120036067
143819488
116900538
134232059
155192348
68571660
128686707
119926591
120538533
35283732
46765126
107322206
25281883
93236018
70795767
141304772
62275551
61389468
42475227
1994635
133672564
172316220
179880083
197352811
247335619
59155002
75831104
43174372
54849774
43857477
43768914
167401051
58306465
110898699
121334275
130418977
167405542
121332544
198650121
33622862
164946852
204429413
183348426
181926122
182994678
160860569
114774942
93236002
134232183
90344590
106056561
68570976
43821125
128544800
128805279
120538593
68571641
208269671
130770945
25283087
25384013
25385330
25268969
22372081
16220958
73813899
1994547
1994523
1994593
1994563
1994545
1994497
1994577
117757461
249174038
73291514
103430433
70656879
22372125
68568753
62405955
81222517
57688902
121334497
150931200
204873169
202760058
199554298
182136388
199251124
125582374
125559292
116032171
136849651
106056555
71196698
68571580
121333019
193878748
121332488
68571027
106056533
172316020
122437128
84764866
207358918
59320734
68571590
77181517
56730628
139056221
46679129
172999518
192203053
54769967
101644554
68571001
119527832
143818424
68571645
68571007
106056581
221253578
162165739
149065456
176219164
119084374
128805396
46641855
1994573
117794100
86387692
17010581
49217700
108769840
86009979
145654238
68568759
62262754
28247697
150931770
106056515
2577157
129403599
90107408
79153138
142237855
43857717
144379900
120538304
46677164
19241898
160210940
67692809
204535797
68571566
194564148
193207863
105608347
120538594
75601052
52300226
229735126
68570972
93236976
106056569
86009959
101644584
179885137
202595820
59536312
193892560
120538501
120538511
46641659
43881026
126938080
106056577
169958241
83692655
173765816
151534046
68571643
77138044
105608359
105608343
81222557
192453853
106056540
93236055
204639435
106056516
106056520
140251959
14051608
172315365
179879361
172318855
188408637
43847956
