76474506
113482917
171096878
125615082
218754945
73506009
20839861
51663468
100351922
146650875
176452961
155428653
204665761
94474532
190491122
147763554
160557973
206836329
209304910
168558087
67183772
85696281
179409240
210436510
183487234
230313859
134820127
19765274
137010625
129452694
75389922
194490975
31905858
122869320
261966651
114902313
94474541
173401183
145225141
157405686
209304425
147654735
147947607
150253687
217195758
230313875
153528093
230313798
129706383
77578716
115945868
91732462
191410836
44824876
113400277
210435945
141218451
128325976
65105806
192854461
201164148
147763470
125614350
147763479
137012473
68538325
138383479
225209613
77220698
96342615
207722330
207911568
207913388
190246083
146971091
159601515
157405521
176910167
128325585
70967499
136788363
160559536
206461077
147763711
206836446
194133015
190624556
73826896
143226547
162777282
91947582
143106215
209304456
172948709
198639892
176017657
94998781
143226572
115946832
205845865
188375564
134820225
91772911
155428546
173220074
22525960
193044172
207911674
96177555
207912166
166347133
23211553
88804857
115710655
206836481
218755611
183482942
230313660
137011901
137430825
120516799
57782474
230313640
153530625
153528545
143787607
218755530
34938938
160558106
205609106
147948721
241903976
20200189
206456647
176008481
176910050
137432947
8142279
153531044
85696291
85698436
176127382
206472122
150252149
85697998
206837021
59563699
75404546
73827012
90234528
115945862
197619239
105086960
144463076
143809412
143226566
143226601
113053779
214003977
114893098
164816520
153529436
90503491
172707860
173206803
181563626
96596989
172705636
210436265
144182000
109601641
137010593
206835527
103641035
150252002
137013874
147949030
162777263
92228309
129222664
198019491
150252976
90239886
20200191
10120321
85698072
141300685
230313672
209304227
115945631
115946374
114788598
262468357
73826598
171097979
68281721
89792743
90233721
253197609
20709447
141096738
113349228
209304889
83665065
181997467
147946581
137013116
150248056
173633370
158077510
54651453
54638547
209304472
125863446
207911422
241898494
253310940
172706471
85693183
134820042
90235135
207912556
137011471
192447981
117268968
24984248
134820299
252061575
142626068
206832427
73781420
115949573
115949990
55594565
121334927
214789490
137243768
143226364
155000362
201164236
93463324
90239906
21419144
63122542
206835018
147948899
97042417
209304281
54383765
128516077
241901959
86573671
114014067
134819853
20200199
84457710
90238218
169643626
161234839
137011690
247446455
103641100
120516791
115508953
75404175
138386386
48507397
115945711
172067713
207416986
151987474
33022926
253552716
143226694
166592194
7431353
209304508
91628867
170727525
147946423
136484457
198533270
136484450
69675127
207913484
147763539
207912361
200984793
205303920
150252227
184242180
34936063
176008691
75724911
8142277
208293678
202957445
17052925
85696345
147948412
90239684
147763504
157405381
42802833
10306152
219460468
144180711
186279182
196725752
177278902
137012304
78551277
54382944
172705713
147947774
184085220
118997720
217095888
207913825
66846065
207913765
225194956
172706860
147763660
137013107
160133034
206837698
9147063
86415121
159844259
147947744
218761936
125615432
147763508
125614682
83665670
125863231
207912290
184235375
55701982
166347122
90233940
147763699
172706524
162777238
90234201
146034188
209304463
71043991
194491175
150377028
206463673
137429237
198019635
145648978
136499842
111103426
198078039
25122390
207913458
23362271
143226614
147633573
210436428
90231600
87093088
125615083
147763510
148006748
85698128
207913451
150249599
241903647
210436665
155428263
136219344
197885303
137013137
88206501
147948558
125615468
147636447
137012466
192945182
153530820
166147090
247790878
75404554
230313898
151994603
206837107
115949863
115945514
115945045
21411193
121334932
129917272
199569223
74569266
8142259
208403963
143226519
190623883
157405572
147010466
137013873
209304468
90237970
207912818
241902780
155347577
209304375
153528769
56093598
129234107
241902305
115946869
115947053
136695549
241903442
24133138
186752124
143226771
83665760
103640782
125614782
49166241
205609546
230313735
93204263
207913162
85698657
147763570
76474908
115947471
115948915
249019169
207912923
155428026
176144609
106503543
22886326
104289205
209304351
162777207
72515070
137735781
157405138
16912891
48328126
141585842
115947419
144197280
215748574
118997772
75600723
115756586
160559600
121174272
209304484
135079862
169383833
137012884
209304555
177755827
209304343
160558145
133431702
153530401
114893135
210436627
128324997
150249167
210436107
71098955
147763637
85693650
20669857
19888673
210436427
83665420
132247293
150252367
241799380
48758320
177315566
153529986
137013660
103641154
137012442
241902531
21934256
83664648
19245081
94998803
209304465
208297536
169475038
103641131
209304519
252011909
249170380
116666641
158564364
90527781
207912993
195091236
241899346
115945955
115947317
115946599
115945854
115950236
205988236
196762621
136484290
203115386
21446642
191718527
119927491
90234023
122362344
7412545
209304244
217195848
155000071
70655099
153528803
99342734
155427938
147947729
143114789
136484141
173617086
100253642
153529468
147763655
147763530
134820162
134819711
125614397
210436693
177704508
157405648
85695652
241793279
90588747
137012338
150249967
155428474
137011806
147763503
125614517
210436523
137011754
155427952
206459844
207912109
153528884
155428771
26022879
69665770
137010780
62765928
210435883
207911436
83665803
75666360
137010986
72586581
116666359
155428169
