235728879
205542630
185751261
250085179
249260122
253197424
248415372
261799751
261832818
199637213
230206847
196332535
11137969
251738151
251533291
253199439
253379653
205009706
263404056
247498156
248494524
249260043
249693940
250097239
14082104
251517420
249484666
263334749
263275210
248656186
200000593
252585968
249568611
82669345
174821456
125968552
54931363
58189651
3078101
3078097
66539342
160315404
51593057
196197084
78008481
55659636
57961198
32674680
78495312
196161685
149759074
72323412
182456788
127484963
104596244
97708981
129755688
19347925
24080246
15162292
110094893
128926737
250336270
250336109
58668313
115903768
115897824
115787285
173443342
101914815
101248080
115884771
147063334
144448543
136143614
3078303
145254909
98678684
82669267
7050317
178338706
54768168
147815147
199727377
127202184
196856504
7839724
222215487
174828909
121366992
174829711
116970730
63849442
76776016
136731549
196161793
143687582
82504480
37453273
3956139
82669403
92507782
57961641
82861286
143677980
82669285
196857278
153835884
120455478
157244942
129748755
103492114
112363455
73810449
196855436
47889702
55660070
57959664
104380191
67232037
185865434
82669394
222676652
208639510
7050321
186517279
77186586
75740867
49595640
49589005
72558930
52631881
109628814
67182550
189170313
127205133
110096626
181503529
130766717
196856727
82669411
20084261
162169413
57285753
1992405
3078085
78513518
50723096
19415863
57956299
57917679
14961307
107561097
151967094
166473215
112529930
31577141
131020014
23953984
23310297
23446906
105275703
23448019
2775035
97605400
129742678
125733926
212231642
112946529
202328958
6697005
23310182
52341145
247678617
258379244
129768734
3078125
124905258
19415838
127193859
66739638
127191938
58105526
226260613
101866230
144448281
144449737
11664762
69260058
105301613
82669213
82669266
205009116
76119696
196443350
180223365
174557423
157349349
87120469
129873848
183540366
105990169
49858386
163716494
147060990
73810333
113364759
77627060
47888721
113378359
43044927
59306507
58697635
251449582
196027906
247818178
248347735
200621679
189941128
263295817
249484704
249484702
216435327
252663472
263295634
263294894
262980600
173444087
263493881
249570162
249570074
82669371
248930367
263348817
248254890
208566718
196158322
252663431
260924809
252601246
247679861
248636187
252385778
248415352
259479885
263292843
214498026
263557398
263558781
196857470
249206061
46176893
8951574
212231918
203864008
248259188
247705564
192935767
262571758
200624211
249259585
263295414
57813746
36830781
73611771
105540809
203863565
57649917
109910888
144400507
221249811
110742571
128822825
128913755
3037579
137958803
114963477
59081760
101870286
116143015
203982941
196320854
3078301
251517416
97321588
179786853
82669431
43044686
67536401
56371525
59077879
174305556
127203940
7050315
58131910
727647
47101292
76035270
82669167
4052013
184124937
183531101
183551516
174307763
148823862
127204885
200787381
185873065
90650241
23304309
11630503
52430552
98875503
68999644
82859929
131386610
72005128
32674702
57964024
66538513
55660297
105358953
76464707
15163055
75523870
20738125
77895434
58618948
107325576
185657905
43443597
49593802
102117240
102115650
112672182
32674713
198725143
138465104
56212927
58096559
251517318
11660663
114973558
58356302
3078099
7383551
147003461
143868653
165210525
164055309
58105673
110163894
153814774
22979678
210978243
200841367
205072085
161897216
96362766
162971968
215206554
221358424
48859979
69435456
47318745
251438953
54585579
172155794
87961713
185709708
73549447
215151726
146063217
217574635
141963631
194861031
210967747
167424126
174216302
73551093
58420735
203872694
215160839
107679562
10732900
152193221
146128020
2301815
198591665
129871113
251441121
150814751
175847012
58106866
22170892
210968106
2301923
45247983
210978403
174216341
186628458
150880131
25755052
217520088
105633017
145595880
21880979
62770291
56406957
40739959
190515782
129871029
164055780
175830621
167957729
73571802
129871004
199902266
186199388
162582289
102504873
196157701
9971261
3031697
24547859
78022978
73571630
144489784
261800165
146086176
146021879
167957711
194489451
164055877
174216431
251454929
249966907
263243814
215024616
174113639
262804081
263115238
251447661
253498468
174114030
198511623
263243714
263436255
248758022
263482117
198562756
43947478
262073552
205609770
249956468
261828397
202616677
263243967
44948554
205315774
161892551
149847672
25749959
14361272
79328272
130016888
58283066
72304308
138317817
137553563
73547260
164056219
58728100
192008364
12122009
96013795
71908618
149391191
58803313
201431117
73548979
114744969
129871149
73547696
2323587
120466079
214498012
99850309
171153217
134240237
141960890
3248773
16302882
43947022
82904805
173391165
3246555
87124168
163303086
99850332
185380383
160555923
72476056
146050538
150947076
118696609
214785375
115150069
121003878
129871035
193099302
41886542
43867537
120468853
57002353
97808105
54412740
58716081
86591964
54826902
183791712
169736997
34811270
84572617
155159850
55637961
7010477
58253250
3103387
73648544
20202098
195444522
173889220
84287167
84717480
77914279
198733333
57717882
1008544
52198821
49744180
27730679
172332467
109400299
90951347
138054373
48418767
11080679
156611964
3162085
121434852
59518312
115547367
109385113
134615451
34476292
120346894
57931620
1008554
112259864
58213458
57839551
28351131
174382325
53248400
37810324
57719369
198222042
2171265
149403790
3234021
108471976
119271782
56025737
204247525
177334574
66108882
10190260
116029668
8263773
120108352
43984982
3924493
153815316
53308918
121634775
55502559
73900193
42468799
178043843
54143609
109493079
57012312
42972806
217412799
1471031
92094345
48563972
57864208
58667119
121263178
121414691
121535092
90693161
52385418
57825034
68490669
44283773
25700105
86302931
84704997
73783388
59548611
121626910
55424926
121249001
117031038
60425358
55424940
53642447
109658978
154880143
20713141
204428317
43995628
35895374
19771706
73948072
73934241
121434556
122070473
19770872
68267153
35577834
92565433
121659522
13943717
13959408
13287687
58240257
109319594
55424905
139706621
35495293
121263455
115250968
155178978
6194513
123628499
3924495
200925824
49740988
73604827
2172745
2766919
84440996
86530101
86152469
21431057
107462632
34811502
121184912
120420020
42971213
35578581
201369080
121249371
57166262
57735295
51612984
109509005
55460089
120468898
81695794
552044
74887092
173877794
173964987
173633361
84704801
84709976
84140497
182711994
55459649
45483709
57303967
196453096
1008536
1058868
260815294
1058862
1058888
204768217
71168984
43108219
57446949
57968684
57846876
5975751
22041715
147569924
156212537
78889961
15690073
171320411
116032196
31877495
177705137
116141875
138065991
134829424
213688944
149404063
204212255
68491905
140717071
149403939
173724560
32114928
176633776
114880724
52075875
200788192
14273396
3197979
201058215
55424928
73939469
109340407
55502712
54100089
34810766
45314660
116192915
20713110
70586249
73888881
55997121
11929439
58242384
121649321
57219770
658073
106610488
86132385
3192621
121661417
7136713
134947109
174151689
23098944
207840545
197830301
8263751
201391410
57841328
57848723
28350553
27532417
112641780
197647599
75145832
108246783
53978342
3234037
163877380
52849324
135846769
67944792
186633014
68525612
58894723
72954525
74537972
48323967
108409965
52780895
149403937
3234029
3233991
3234025
77967864
52401413
56013111
177614754
202883653
19409100
21048852
29348672
6157535
55958022
134290057
135816003
115251008
55047968
59208505
68228791
2170925
67547361
71938570
74346170
196851276
198222028
63306711
172658134
95192860
70964332
70656819
147569947
4932035
73873028
121414649
52140961
121555699
73939824
149403669
63914552
70882836
50584797
138065021
55239197
58867815
173724493
130811345
14605841
188499708
52328944
52343346
37811126
694405
149404083
149404064
149403824
70939098
186632818
11479599
77149295
68225255
115094582
55502608
181796857
72038620
12295374
66539340
53312558
12295972
42941841
42834246
163877313
212927502
20702206
203872072
39328186
55418103
20701938
95192933
11189107
11189666
11080095
50430309
94597906
78498254
3234031
