7673721
68881363
114330661
182710304
136037301
125751891
90065649
117082505
109358596
94773820
100148914
162538653
191126077
206135498
242701886
169348381
169348535
198543855
112644399
114415816
98154696
83518996
84673282
4427231
83527859
99478661
103893334
190550716
76483562
99486664
113052130
98156515
89269670
57866740
109413489
99488452
73913492
99479853
87670765
173416457
150222742
154889786
183917313
109406283
154730376
90066208
171953855
89193371
199196203
201934050
154855564
143150249
35411241
187360464
94775815
167360067
106778176
187361467
17489474
208129056
249942756
194833893
162537522
168820129
127351826
112990770
73160940
154890675
99483322
113052074
201834439
80802786
130469722
207402980
169347977
107761375
113064646
84749776
167816903
109412229
167813109
41279791
156658212
141277779
21058946
117084447
114429687
114429728
182587851
248645614
121678804
23453119
103974710
76695580
52087908
160404265
49301816
117090831
210137267
173372321
115885500
155235028
144747583
144747625
199548480
107011981
143095232
86096505
167616945
149661844
147445321
144140868
166458990
164051350
80944346
83847932
104512446
117583217
195708455
195454153
98624204
31580977
79461153
76525318
104512770
127352097
98156397
24582350
36474806
136007072
242432889
158651757
86066222
86066109
86066164
84749605
54972485
68815252
67845839
2611557
109415942
126346623
201600613
190092561
96515681
96515394
90064100
29254399
100488565
109358454
86061340
199926563
84471653
125803369
157254509
171809990
209124076
72332673
145610116
138439686
171686667
136932275
178247910
28290025
26686392
154728856
213966729
67326772
75671713
136678050
7567343
36777979
145610504
155240462
100620451
126123080
201476082
192975091
249942860
90065331
90195411
198783743
198780958
241919941
75419501
72662401
71508204
91404011
193638184
129391873
109414194
92461916
59130939
126339563
26686441
141272887
169348509
41579253
110431988
201866759
178577380
91404085
86294256
180946307
94773752
176416309
120244275
150709387
207196368
131124391
101656410
84648279
95055186
193639384
176417408
191521176
243080680
136819974
71893900
96149435
114326715
120146203
144139476
183916651
142656193
208906461
206270711
154887202
180397757
106987435
136545419
183053717
74568523
101655885
203280924
96148909
193590057
132076420
213517795
158676016
146512502
98156737
173355771
76071974
190808301
240240392
75419527
217467302
213928857
55596578
174295158
84749318
112990583
146510967
190231380
175994886
103743603
96147458
151972452
114324860
120245020
198542985
74186645
171955186
81091832
171682049
141282253
96597690
91402598
83516698
169103162
94775477
112990527
134389959
193367651
208127205
85079487
101656249
174930873
166229749
74569147
229699428
207197218
173356418
151842137
193366062
178584776
117082669
94773420
86128265
144130235
203402906
86129754
140865516
112990506
207853444
176292311
48315654
155564587
205828092
208127221
193322385
50735914
113413609
72007536
72014084
113065036
128287053
207345455
165995208
207853246
157710073
206256666
190119863
174842920
165680951
204914749
206418138
165898770
127352139
114429616
176405612
193180715
83517176
87216940
186308861
176292402
154908358
144124593
173816586
194790383
166412689
151842824
74570557
195302124
114313496
130028758
209876168
80645993
94775096
81091645
192386871
180308430
173817429
201828842
213965152
263052017
39853665
195301876
136085822
109411135
154911688
146503731
219457412
194584979
247484498
74186877
146513186
111948862
174914416
196189505
206398445
94773355
146513133
146512720
162358994
154904877
91403851
175990720
191124719
242757293
72013305
154890110
73636722
113417490
193367613
196069437
193180717
143861260
204251406
183920198
187109072
217470684
153581076
136468201
69237726
120145698
138174917
114320380
173978561
168954194
186307948
133608298
114318713
140148979
96147934
159057961
74186937
162866596
206481501
214731469
213965233
191553021
204250174
86146502
126415600
157706059
207853330
90064834
190238993
113051744
158669478
104710569
180308386
137667833
107760736
111095868
125605025
84749805
111288004
208127225
117155103
72019660
154891862
113410060
72018631
173355024
109406286
174914293
73636605
165995160
83517269
225221414
157414672
147440746
176823518
117083409
74038902
87221103
121609861
74569558
73408935
4105725
112644691
145648629
112990632
144238277
74605869
91406034
114326164
126346420
167616674
202881433
249255702
86130554
214664654
155432008
155625103
201853860
193132125
89270197
170147847
183915194
174932178
180950722
176292441
74605839
208127208
135270411
154888483
144568833
90027711
201881141
136546312
87216777
190232181
170147862
192381233
96147736
90066501
155793346
96147475
178577365
117154982
7174947
72950219
109419918
196155618
84749263
182842791
113064289
193367592
202007411
146503117
217386818
84671404
207296600
91404556
126341143
185465658
138175625
193244876
169100923
146511579
85098983
75419864
96148047
242483180
71671679
137453627
191529482
144829395
72464633
96148600
96148591
96150766
178578131
84377402
42827778
72007771
96149285
81092293
199870460
180398194
129398539
180308384
165995653
165995857
76119474
206246417
77962832
208311836
210144966
206256779
165884195
81091321
197017435
201869429
150708352
183916458
195454023
193322305
193099333
203983508
206669813
212256127
169348878
169347523
181992467
193370575
206265080
112990564
141422158
117217165
91249745
117082304
176420030
193151262
193147162
161505617
83518277
209875566
121610316
112646706
84749469
118589191
114333317
154728540
217465659
104924946
120257794
94023844
117082091
148680300
213928976
96147598
84377386
167814781
137971734
193366053
91404677
206244820
190235017
149683938
173815717
178577363
102572924
197595980
193370545
193180683
127050249
213690305
195454208
158668752
169105272
197298180
72020543
176293064
113066031
146513192
190794605
211978882
178482388
195302118
