260804883
263057505
262861697
260644135
113963504
206714451
198453030
250052296
170729018
248386084
263072069
262863259
249056594
263586777
263586869
170463328
212317994
850002
72508279
103815465
98736193
118482535
412486
57405060
57405074
186276329
846586
176063218
56032853
55858186
216451244
214506059
412777
106913094
106913134
434924
119078719
119078720
67196061
4065621
135479293
186333391
186276298
153994316
26263130
13638541
55553748
106913051
143172419
146588295
156299571
470725
103816143
186333419
846582
749579
49656507
4110117
412403
103815454
186304418
3197733
72516496
55553603
263098064
249679099
253613830
213522900
196050804
248788517
252543522
263098024
263098051
214498253
196051731
248762421
248764594
191909345
263098080
196050627
248742285
209372166
263021565
249679095
206483843
214495894
196051718
263020029
216450102
262700920
263098129
263098037
156299896
222681748
196050621
119078682
103815357
120469174
103816103
412786
55857666
90852725
106913200
186333389
10211975
4065543
4065545
214508691
153913004
106912925
94306029
68078399
119078744
103815641
119219730
247422128
186304394
186276296
119078758
171794024
212299542
262904425
263098126
248743786
196051714
253235960
248744583
262704474
262904400
214502617
112251576
92157957
77032298
36175157
247906660
163661110
205531548
134735595
215101605
163523315
176474080
77035132
213855948
167928602
167928378
151610813
186629975
157432658
35155150
176474817
136717761
177734904
151609942
123346294
124273028
176474822
163523156
196280145
193777975
216244279
179805921
213558654
198932909
112251560
163523259
129521085
176474858
163514013
191751871
215101679
163523205
151610893
163523089
52129240
193535347
163523231
167551333
82994800
195825794
32265580
163523135
163523281
179493237
163523159
217516102
163523098
97541608
149636826
163523272
159095602
153876082
179805988
184240234
119623122
112251566
209603151
76292937
112251601
166530479
169936422
119623275
179757986
163523125
119623417
119623271
179492631
208496106
171613057
151609164
155475310
179492658
90834307
44269327
140930451
151610908
184134276
151611035
176474673
176474301
151608934
151608326
217536174
98598357
247907176
163523243
179805943
5756319
140572960
57822723
205509738
151610436
181754698
163523144
151610731
217708587
119623180
163523195
98598073
98599008
96578342
137996743
29829774
139816278
163523203
163523298
208401636
168066184
163523268
54447194
150547164
184134319
151611240
197828160
184240224
163523183
151609866
163523290
151611209
151609280
151611250
184134350
176473841
151610944
123861680
176473839
163523184
163523198
163523258
169935640
163523056
163661113
134241874
98590026
98589103
184134368
179757974
96578534
150977553
128805858
194105549
151610898
162590755
197828127
197828191
197828155
95159582
66568607
55002000
184240228
98598205
163523158
176474274
176474966
163523131
176473857
162590748
164071599
151610938
163523186
151611215
155486191
67254108
183320757
119623255
179757953
179547685
159034469
151610986
133091826
182485633
197828115
147979522
116255408
156639592
147360053
193536750
155486234
155291620
163523178
155286062
155287991
184134330
127879210
133005627
133092654
181754720
151611221
176473888
179919928
163522639
163523049
180950028
167594969
183311733
184240229
29829821
119623415
77691339
182565698
75996180
167928247
163523162
164352576
163523043
163523269
163523061
151609530
181754678
98596837
92157950
169936192
247199135
91332882
119623131
144196999
58924002
249912893
152318141
197828189
176380437
197828173
87532986
195826015
151611022
117057003
151608218
163523033
176474065
151611200
196190468
151608628
253720594
176474643
163523218
36173201
205773596
95864447
163523262
197828116
197828135
15364109
107311633
76779034
57823488
215101530
151613973
184134359
119623195
208183967
153407266
140148339
109568085
156175143
141740620
193977373
193536846
180847833
83937554
207016543
148074858
141996512
199140194
174817185
201648286
196837870
224528768
139460794
250140155
142834622
11303673
181217268
201045786
57380884
74613773
201045785
12063052
193977625
252563328
149192908
143612642
148863549
202957502
20624156
189341162
181218012
186906291
109568181
143613112
89822682
136728616
262846084
215198093
248697954
247813814
252759297
119623262
207896607
259482459
253700433
260917989
253161192
262883667
116617785
164071559
163523216
176474629
151610807
123861760
176474110
183494613
176474122
163523177
155288000
151611203
249923485
180387880
216434697
163523052
155606004
136616414
29829799
197828168
54948163
163523072
184240238
139053815
151611207
184134307
184240221
98598273
91333267
181754714
192935003
119623274
134242197
208916422
205531383
253131355
249872600
209165278
