146595059
146595569
71621893
176801869
193624499
143715266
217469966
174255303
147442666
50246066
225268973
193366576
186263509
56091173
165773919
147997126
8448223
193710775
109135121
200716731
165242794
170917577
76150529
196898222
50278084
173903598
191751194
194456479
74544873
209643625
15986613
72752747
67154630
93196618
153647639
137243797
167617458
169987819
153647851
43891649
180050601
224141053
166007949
50405587
57020356
13607106
196898176
175683324
160796564
122794102
67208461
185759409
173702329
162151883
146505345
249372855
14660398
68143083
176070556
52612971
104705999
146595762
177188352
51661096
55854595
146593840
202640284
179151874
189676644
143612987
167950383
139730893
58562132
76481451
26731089
192423859
172144538
58135380
183335393
177712864
52813816
170917730
36303421
90343471
176802441
87094260
100112317
175786770
180919092
109135463
199631026
200715564
170917735
165807675
145562219
176906781
167125934
57484857
205220200
170917709
173356509
178254424
167616699
199641775
113419321
21031656
181915673
146594565
58534564
146635855
244290233
253188861
189559349
169712342
86515263
184866692
177207149
9996196
195455739
167113260
165891092
168363394
208284442
113415289
143155408
146594475
48556324
90584740
194810303
16153228
195450533
200724660
173585634
31877811
60167993
195769301
173406823
170917559
146505196
170917684
169567871
176802113
166400111
192578136
118139911
167617403
146595328
41066480
204927574
26136068
10173249
182458055
179152489
116002695
147445077
178286125
149554408
170917575
168155133
176802003
57848285
154852286
52626532
207038926
154123142
214620512
204378182
193624149
146594621
146594001
15067900
161008796
150842791
89751079
249309530
205980087
198939927
155791638
58267993
170917321
37895237
53300637
187845132
208219783
150693998
146593644
146593607
181786325
207492160
151967489
146510289
146594550
146595700
54150974
158017474
69024935
55936197
217444514
190591286
56759528
158719870
48720997
57785406
252725927
114578864
167811423
144126116
85539982
194809450
146365951
83378440
165899614
204925088
166007845
181915337
144448722
154206390
185678393
213915351
176802002
40432100
56084645
196897795
171759862
190700122
71693249
58046820
87094605
179151021
157809044
219138620
146720168
174893151
191544388
114277569
167123486
193624245
174622089
196188950
35245088
192729232
59117253
58984243
81390892
173645804
161412248
192135652
197200340
244290040
171645516
198351812
155792207
196596869
169923388
56961107
204929341
169987172
155185015
114294223
176802219
194809620
33607844
55102317
141220859
158664168
181786187
161904621
167126966
154920224
176801879
193624411
149414601
193624343
205620933
192015585
143948912
194809375
72711250
67807971
169460632
214856753
197398134
172279390
179525247
63176569
193554277
113256216
52043793
50784084
57484029
104082337
167124097
57118249
207287841
53224795
166007664
138543217
179153915
87613841
201592855
189654653
26599687
109817229
146594421
176416152
125346822
17457225
192014075
72048393
165712787
176802531
242762377
176801890
179981933
205711023
178251230
168829020
169012413
146593811
207035557
166547551
53450059
195886952
162844451
193624579
45382423
58373669
179152180
167425577
157636443
168815986
15098923
242777500
146510890
167949794
22527644
174893210
16153246
43372571
176802025
54581245
14996898
196094150
59167729
10173282
167619984
146574984
204925471
142836637
69067744
171759733
113423929
16153883
185806700
56211765
204923439
171468817
144631180
155004952
190699598
169887199
250463550
150931417
200728542
56047284
252097113
173230852
165902294
191546351
109921198
185993684
161008756
168775982
52322335
112648167
48111064
204927853
194810455
27826879
216405375
55208392
31234279
217481926
250075719
201777256
148013571
177201271
177312901
56969522
181673549
185993675
144127067
191545444
162541087
121635740
100291459
165904200
185678276
177272249
136838540
156687781
193365840
197952809
118691046
205524586
142850291
178012077
177272275
59520228
32494860
