169000412
35606566
49195072
206052834
153466398
195544969
249153053
195544889
253227084
80947673
199103171
186607653
173804456
130070337
4481849
37864985
179970062
192216600
98678402
5426033
54009162
100029961
14754609
208915673
34501124
195544953
172192390
77544270
184067783
157254376
212561814
243029203
155217114
204872097
184816993
58952983
162230999
118298914
217748844
121329537
248977637
186228328
40897318
34500079
243245314
242410663
209176756
249152971
206990795
206953231
243027074
213943589
228990124
249590565
262896292
262043381
216201469
206953087
206988414
263630733
242406057
244306437
208254871
208254873
253172067
197408890
263495061
206994996
253229170
248986117
262043801
206692848
206987844
169847843
208254892
195544976
199103347
262590870
247884608
262031326
169844981
262877803
3407701
141473418
14423476
122344236
185645864
119501613
34923729
94646380
251275201
129863252
138901232
141490853
135538136
135538367
134407847
142802214
129863094
139725639
139148817
145562409
111821003
140357518
136871832
130024843
140429114
141473132
136872237
135612789
139624610
139726774
136278659
138826069
138899360
136875213
141472757
135537853
136378122
133675892
74735701
91126758
43242321
139724937
139558827
140429725
139624821
137091467
136351679
133431617
161385010
11792003
148019284
48578881
21031070
125100256
170247381
192705047
29151081
199103443
136874833
178006302
214789268
79837298
214823934
207779736
33410504
111821157
163887799
86401828
41794050
10727682
41340227
173557703
101651911
76464974
39965716
176582021
164491912
116856451
163130181
42814095
196144343
165640827
1022975
248636089
202492364
183065291
198077739
124273834
173464890
86573272
55299296
246983382
89428551
89428547
195231394
22115476
125100497
212559552
116799452
105037240
206667898
191713942
56104661
11792206
251015838
141474224
33107196
68905582
113583278
136313532
16957832
170404536
252672770
143997543
62295829
158810389
263297283
263025727
263026264
263025925
263026398
252576355
263389266
263026792
263025641
220681238
114880299
75765247
22615890
110894233
202334892
173846634
8045117
171045013
85374104
148065803
147762482
143113276
100300321
112331250
185949490
121332473
11438493
161973132
181787698
173483855
169827179
790942
68152509
85405872
229778659
57704748
198077499
186200613
109834928
174172385
146952559
22605735
100428781
26292568
108232959
26291487
147762708
20848669
94417820
149568332
203770042
181782379
68142703
46233028
229766007
208010300
200724778
72790719
2296483
72205477
25684451
2296481
56629638
150253043
182975221
195806477
249647257
249915046
249918575
252798190
248739871
262908057
248239738
248424790
253069724
248723507
254023250
203765381
248759803
117444113
242156002
242452220
72790429
247198966
203913450
210458951
203763467
210273916
259484420
195968468
252073727
252073747
208010256
252586453
202346257
207375560
195544860
197344777
242642208
143114560
249205951
263061215
263370057
242155851
261982954
252586397
263294260
202346189
247879586
258857883
217497161
249927677
203765024
203769745
248758074
248760089
263294469
261832834
209396369
251521308
179745581
249206184
242452549
248424765
203913447
249965978
262048908
248740096
248596625
230038691
203765244
253425955
253425750
201475925
225917344
260154071
243091461
253608489
263577201
263390355
263482518
248786749
263390404
263390409
242452076
242451342
242451872
263643846
259483987
253493579
263390373
252672521
253493314
248786599
262656007
263120851
262908942
263390342
253495067
263646388
261840464
263263995
262878188
242451934
260926414
253494123
261841203
135537911
135537904
199684347
5919063
256834867
254078456
252587892
199916551
261983349
206132762
205350423
216118386
241636269
196196578
2779627
260797738
261822256
261822577
261822013
261822760
261822519
261822857
261822603
253059859
207936023
263369475
215111264
248640573
253493870
253206074
253494875
212048889
252892605
