263067695
252644360
208290433
158492084
29347957
225231444
186060246
203498459
14961349
173378089
249778920
53627321
55506646
72711012
73370407
117661445
164775294
225960122
132712954
23055680
106066364
53240543
167418913
120522962
195821809
129720304
174025439
121354738
53388180
253306653
738590
247401419
192790490
121363082
129721034
117657003
208679478
176485589
35392036
113579153
202045891
212563039
198082159
115126077
225227120
98047106
144233790
111998032
548609
141114249
225210501
71892924
199974102
140986216
104103456
72511171
73369403
192790755
254908253
204537617
135897572
99846389
143774967
153539643
204429406
638805
146256121
144272562
173865829
32268615
53831135
90524527
247261854
248703808
230086770
112258007
135839765
96073189
195787224
139074454
173420549
150205143
198537386
10681064
252759303
117308709
55066628
172812345
103692656
130398774
56603117
156795385
168341806
165968735
124631359
128789426
103679232
142651209
155762242
115128943
54476638
247707146
113570839
123763121
204914502
155761019
113687587
126517988
86637461
129941282
247716960
247706908
248703811
225210520
199684050
19578975
155348546
134480169
145393007
117058209
456335
145275417
57316483
54759049
58862000
131135531
129782044
192790606
126516117
184920095
126049772
54858186
158098617
117811588
117000849
64311001
242724306
140992740
128972558
152097840
121250280
121366996
202954057
77284932
178515077
129715187
155762207
155762175
176485628
55506675
43174959
160576175
102798850
91876123
207230451
201381541
142443012
253141893
262646157
263084581
81137650
192790916
212225877
260668232
261966870
262646268
262021942
254901652
