185096160
123929196
192641395
57763695
148911018
96155463
253099311
48895391
120361003
188598066
59203975
167420899
10118397
107404676
57866670
34151280
114388362
108937030
84470070
38393306
2581261
109889600
122267980
442358
49490750
24243884
73613041
177897151
171144479
67154517
153255721
76120169
54086560
107032896
206140819
15202749
122525632
197138992
2702755
117783796
123929104
242127711
157214834
83684875
59199964
146391708
175412949
177632091
58202058
100297137
108716623
109128294
84469911
147127661
177341623
151995555
57996298
52213963
201034676
205962097
203280617
181454427
114388373
173758129
44550885
9707541
37860756
19577699
145395859
37835188
167803878
50088451
5198623
24910043
26523474
123929008
68113197
14111438
10053642
205845807
46227177
157215318
55669030
177897723
76286252
187623047
166477511
173731449
41320923
147128331
147128559
10708427
242424019
147126937
125658976
253229857
223806323
46474293
125876209
125876085
24244986
213708507
13769326
155056183
169819346
208169915
171070600
40056666
57905804
24606251
118487992
43240010
57767606
164328021
155581225
187633071
31496075
143241234
42560138
22196465
118437215
57909298
20200119
123929117
123929073
154244029
3756885
114877778
246014433
253395536
253319429
242485061
241805431
242616418
242620512
117928045
191529431
100452089
471365
9007554
74173468
10399040
203852938
158710340
173405092
158633804
14759011
79112070
17602166
40433085
79445535
59289658
70833099
91119846
36015103
10398983
172966894
68680380
157057847
196536075
33337536
252050526
7721240
7117519
36341209
254077214
74603195
117930236
55649967
156000945
2577355
59343608
203284728
117498514
11960065
252069182
134899821
169744439
1992515
43992654
14660987
187794122
177892308
114691910
74621027
7721099
182756997
114572577
173434653
158641107
168335453
37564438
172958849
161454331
17891427
10398717
253319134
160370154
55646139
167040290
15255990
178262773
33337469
56537578
24133510
253390354
123447357
49227269
21731218
202528133
17596264
160101883
158763351
14760760
23980113
242091567
56873606
7721121
43922061
58481175
159023389
21714990
217574472
15637085
48935875
43987245
158635905
33360132
26357826
10398699
253526238
253242116
173404635
80856627
155624161
158706564
20324565
6335939
10399049
179145276
77907451
472857
37564308
56526026
107362646
17880020
24134322
68498826
158633931
159824220
192391055
196293941
36832900
453606
6336095
24004248
182462078
171869391
105089650
170995405
7721081
159242971
21606988
21677521
45249120
575225
20162078
190737484
40391357
225273995
101904390
101732079
158706697
157056084
19409169
14659105
2436707
37564388
21125158
178262781
242096685
249799476
242021861
72751097
162978707
26451832
24004222
37564457
23594267
40523240
55650669
50782698
157520084
158756392
68985764
43907397
21109344
207751191
130744217
156233245
57139879
172973531
20160595
253309502
23261822
77954726
6336239
70627796
127692004
80856639
119478160
114684039
15254813
177921177
110301178
157955608
120357444
178711314
31148745
2241703
59360164
17614490
184829763
123929305
17604995
10398778
8292906
26751282
7117639
15387296
11509481
70832928
36349343
193620736
17610812
56539027
59063860
89222036
68985756
72740095
117510159
158819504
22870801
187767333
158755222
17596250
2577919
69573012
172951647
56226247
10399015
17897861
21671531
85186807
111511051
85626079
121241298
16461612
5891667
249789548
36079941
37564292
73416266
45026086
96430105
253311209
10398920
208289580
6336209
207819098
162115213
20199831
69701069
123929087
24004187
26325318
123929157
251931630
202502346
159888194
72785503
68500091
117599148
253319381
33229675
99472874
57999987
121236992
217572990
21575193
207819084
10399058
123929284
7117523
10398855
217143518
55649828
13895103
7721152
575221
21712042
45024052
17486966
25904218
115532725
251536304
19732446
19408981
94384903
37564415
56225207
24004183
101626874
7117651
74982017
74985029
253560957
253309701
117926455
7117531
173572348
16266147
37561020
48318263
16270461
206833343
253318842
7721201
20140289
85643024
10398885
36741077
79445545
122799754
55144048
157205582
177919806
21635350
126079149
89222282
24004208
146224678
257535447
253517537
253535931
74621780
11479082
253309824
41167849
206835241
173401108
170994214
40244646
173571408
177892255
168373684
115897084
168365530
173433013
207819086
148911035
159011468
158692348
157209889
157045765
15254917
15257011
58245929
55645967
207819085
21714366
170995422
158699383
37561092
116465963
177920317
37560322
11989532
102017057
9008212
37564391
37564398
37564422
83493153
24004179
91129678
107365719
154449054
63440586
10398728
20223812
11479075
7117673
7721039
203092001
10398693
11479080
214810043
253390283
24004254
14759149
21615417
14761019
21512176
21608908
158741205
43994144
40430085
15256897
21606785
14760204
14759548
20209265
173572341
37564283
37560817
197378712
136067246
39273333
19663527
59508701
128594161
73117200
253390336
191516688
74985560
7117513
10398758
24133036
17890534
7721221
253388190
262842990
20162347
10399067
199246333
7721110
177919361
203449477
30701102
96659313
115897093
7721163
107640690
55650554
58458918
173404670
173432985
89054470
40267469
158699114
31658229
21711000
21709809
103776221
58119577
21610437
25901690
197229409
253306733
100373561
201852633
1918087
189363528
253640041
27665059
13883565
6336137
203278259
172959917
253242149
7721130
10398636
253568837
202525695
11956962
7117667
45998805
40234211
103102694
159023432
111873613
41168623
41163772
173406365
55650433
173572334
10053296
31694305
160295130
158774907
159060343
160372483
156812940
155379341
58122340
15255383
15257420
21575209
80856613
37564186
33235936
30693944
27657577
115247173
196025286
37564441
54901523
7721068
91129651
68688274
253247524
253318942
253527144
253311369
7721090
20148317
123929031
177971165
31317569
11875560
15257218
15257630
58292669
31693679
21710122
13860953
208289347
261945878
215874456
263067373
242100094
253577705
253318577
253319123
253311258
257537481
253318522
253560513
253319427
253536651
253247608
253533014
253572877
253567088
253388530
253318599
247858957
259482431
248614818
207819090
248761768
257909699
253388753
253319409
253390350
253387926
253310830
253535357
253577678
214810207
253388716
253387871
253560847
253561946
253309460
226106395
15253593
250006898
136936471
253319138
253566384
253390348
253318888
253309956
253311293
257516221
253310372
253310698
253319411
253318608
253535960
253387966
253390393
253566859
253574687
253311284
210959929
249649042
261115083
242424389
262779890
253311333
215891527
263272815
241984933
255612080
263560336
260815065
251888810
262303567
253319136
253388782
253570091
253247639
253319067
253528463
14760318
261946348
262897805
241974479
253309888
253548150
253388793
257455361
253388565
253318802
253319091
253388774
253188398
214583539
253577972
253388807
253318569
136936355
253543029
253311179
251882105
253311363
253318879
253247519
253570931
253318946
257454534
253311266
253577999
253535892
253319413
253546945
253575675
24133043
24004260
158708408
8697635
168293375
221703613
170997563
173572317
173432948
58484655
55650344
159034334
158646103
157043432
158815480
159034969
21709416
14762189
21611058
25037627
58244633
22874755
21610779
159018306
37564492
20319272
214504376
175104963
13882007
101286682
168946301
59339341
6336131
20126462
253570064
253310332
69837051
253211291
91120034
55668674
129917002
17875091
124183377
21607150
58245270
58247880
15256754
14758209
21611453
14762479
158633610
159237075
157598298
157046003
156647932
160392063
158818481
