207494797
16241369
213720414
16413160
14585166
159970711
28036776
135140939
44842082
78046687
139151275
73763380
119369145
189657955
49736501
58299215
46301639
13862282
192679577
10104449
10022466
200787813
253608289
37331774
25314344
14251038
195951281
44866497
99055729
35749762
21325119
106242315
36455469
68082497
137211941
190791055
25313855
84549182
49731541
55157587
136679490
24063005
137498053
84548318
199942299
199932268
92373239
106242305
25314267
70203196
43714620
180046033
49731897
44865928
86143337
114456772
43817921
219456701
16241654
16245291
44866154
3973395
25313971
13832354
49732153
49731555
78046552
25314869
35726289
36835878
13831121
25315558
24021877
89153989
13854698
49733048
25312583
52107764
157260655
56947035
49725201
32216099
78046586
136678715
102142528
184119183
190124497
99907178
152366978
101660130
184970376
84548332
78046858
36629118
62734233
16109806
136113925
78044143
25312515
56942246
46068398
78045753
35473023
11858960
141985119
20281408
129381175
1655415
10829139
21609509
49636319
73878413
14083321
214890654
204000454
3834017
202333769
92374033
106362092
214892864
129778658
214891982
95163571
78043424
201604013
172155472
82387995
100465112
126809845
129779196
70634409
100465011
214892166
8309538
62348087
41924288
92371667
107884932
129778921
8288694
172155355
107188317
92375535
73680227
8288661
75396159
170500832
52133941
121004116
214891838
214890971
137211918
47181901
55365025
102142900
89878804
191220961
25038081
108213896
172155573
186201033
1816613
49182788
89640262
13625943
87549332
99907015
148895416
126811273
75410498
10131230
178112285
74899845
76130520
32324121
136143610
107323508
106361926
52468314
26209492
49119391
11254985
137211953
10126035
144208726
191801068
140634181
950397
57118156
214890026
111385577
214892552
100464821
202331702
103941261
108917990
111508333
11293602
99494443
55606188
42231692
11288125
141985076
9931576
85875054
73286189
21120704
15377437
99496638
51297373
214891894
214892057
141985072
214890450
49226688
174134954
89639987
214891119
101530848
100464533
141261305
22115431
189491539
96133347
49195791
950403
151592098
100463463
214892300
14861266
100466014
76693585
14788917
50384901
141984604
132846733
126809869
113283711
51256404
177274632
89640688
178323369
59651305
136412420
121603952
36368665
96129667
99494956
46209642
43328211
34481707
49482330
53068291
73112016
27825886
72460746
40539712
99496355
169939030
172155297
169932879
99494415
175949875
46092634
229726397
1522705
52297123
214892378
45818108
174404264
167424394
208678198
100462099
49195865
95165337
176453011
84846525
214890116
213532627
1522681
59090154
153471379
149518883
129306050
98641272
99496444
92371919
46209581
214743666
214889942
92372569
20280663
99492845
52133933
214890524
12696050
145182683
84548788
89641137
35545010
100463456
23515806
214892728
37738327
10162852
101695539
172835875
80976672
48101484
43044177
99497759
170826054
55118618
1522709
20422233
107391655
100464575
20280609
172155299
34527397
52133923
84548509
214892608
50400673
100464431
95942558
141986001
51328937
100465489
113125501
214891976
12091940
49180370
67249943
22072906
108213213
195510468
73688138
56908737
10161874
100463570
14845003
175949908
174115003
22079638
242625683
126811967
9670278
129778690
58917457
49182790
214891171
248084334
130787596
46209584
172482213
67690959
58328233
160268226
102049905
89878559
201578143
168156389
53534897
21761398
96346509
214892138
92370147
99492202
118583813
92372163
114187714
201579385
183084573
15387211
214890713
95192535
59460472
74332056
99494047
174097250
25168509
98641675
89640476
84548891
174305280
97631856
36619994
22080220
34480810
196055139
11344746
108214823
2159277
20281375
172155579
13428434
98641762
67249909
242625806
129381195
114567020
38244759
95163580
29712799
14130116
126727042
20431911
14152208
172482274
22072582
11272585
214892717
48648907
33394138
166592115
98641274
12695969
201165178
92372497
13795930
45099896
70770744
202332060
82682989
202333673
46345263
149505840
84157132
13282428
78043173
31203129
214890735
129778659
99498777
78043759
95165332
84548378
63716015
49871201
119369167
47314489
13632358
25060234
214890823
99511543
192032798
107858231
84846392
186231594
100464006
96314544
137212321
58699151
98154052
106363455
54806984
54407420
95165143
121272582
67249915
51297412
174067765
186253069
167235662
178053555
177027888
214891476
44990070
242986356
214890144
107345835
90332201
14788691
14144624
214892657
108214013
130361122
40648722
45676090
172155404
84548911
85050241
75349841
33359724
84549202
46136133
3834039
14845300
76781297
100461954
84549212
214891972
102142676
43152885
132800131
49917492
172155383
189539698
191411029
96911994
186906311
190790857
108214008
86516554
91090299
126809955
141501978
144243404
172155567
14959463
73272852
76042023
950411
73247757
126810131
40651160
99496436
14166585
10267491
214892415
214890917
214891405
99911102
89878724
10160373
160175052
32130601
70771367
22073596
186906153
217143560
181802099
49651307
16652565
78046603
21120548
99495550
126811793
84547626
137212333
135072890
84549137
84549163
84549192
149520179
213864507
72619355
72619430
48019329
27654452
63470643
75345769
92373349
73992210
35546803
35788098
166409673
38244611
174599769
31520321
174216886
106361964
71092844
78045888
100461262
4585133
12382634
201579301
201579088
49165363
49226704
46136131
49226722
50398799
22514615
49336896
57000887
59870676
214890385
82530419
95194315
101660287
145455153
99909393
102142482
99907196
175470356
89879366
3973323
102142401
174433012
46209591
73550199
34481581
216369256
77558227
1523063
1522689
77698704
1523067
46694699
191800815
77117012
14346779
126812603
126810534
96136902
45682512
136363544
195510580
198458247
141233010
197860589
130373993
91089635
11253568
32126093
21711615
143275101
