47968533
213735873
77878512
146034729
59235756
177995230
13674039
20589104
97588351
68860192
208023791
56671649
115533968
169623223
137160273
177976343
81132362
143363010
146035189
177316943
216265831
26144975
170167867
37746347
57451572
73186960
152335377
104023539
168227627
161038521
173983769
160265152
170719355
146893652
175780586
155603047
157499150
15410252
81132366
112957786
52302224
139207873
44806125
20620285
138901277
148856389
34675693
91126822
169848840
157499171
42629646
114300593
111177779
138559998
178708268
156695319
202413159
168563191
81132312
20596805
87056263
163661191
179522872
193013338
181220065
65993260
17009244
48437517
136873962
147329755
217171957
36716573
158811150
89242604
164535984
201486226
75953692
165686736
144754722
82142309
80790301
170442407
136939247
202241968
52143484
98297175
207809492
261956903
3007923
57245747
136059353
3336303
33401889
110984318
176463500
10063270
108614467
204986316
250343125
244177922
252159706
263030923
263072502
246208594
243032753
248162486
262304536
249965002
254896967
242773421
248406823
38281348
263108081
263077601
263048576
176502783
253443907
130032138
3325275
39376206
117319741
177273595
122856939
153466666
170108365
139148948
140518397
48108837
138562157
33402065
124294232
33640997
242766226
199567168
243034967
222655428
208215485
252071668
263072237
263072333
263052573
263109135
217141014
263035390
263109243
252072311
263041425
247792060
208906105
242773923
248408706
242630438
263585907
247792379
262089938
204413959
252071669
249196216
210145619
217140839
173983760
253213258
242784502
262086122
252162353
263072015
263108286
263041464
262086949
243102008
247790996
206953112
242627937
248303013
263032218
263048856
248406424
253235688
252639900
243014313
242765599
242635912
242750034
225933641
208440740
263072629
263108400
263036905
263041569
132079578
138623623
129943388
129943739
129942741
129943242
138624581
127379962
129943114
132080344
140784731
127380248
134253742
129942655
103461588
45008666
162019413
94536188
145250545
141060726
116208436
98242553
27133175
142265713
145248672
70308894
206085055
147101320
87704025
56090047
36685048
2921543
206123708
207360110
129943158
197352748
61278548
141060178
42739472
61278534
198240125
155277839
198256011
213721439
181695449
179775578
149405062
217530781
197236978
197234276
219138739
199045122
243030369
243042427
208772745
173386794
257857887
127380098
149180918
193614830
162168690
251576556
262518586
184830571
68492704
38213603
31814631
72521131
132078897
129942223
73212527
93129076
212051137
203013234
95392612
105751847
110183273
151819910
160061266
207705450
161565213
249875068
129942360
76262141
197518461
92888647
93214711
140777722
140788688
140783853
252266600
145249142
123841845
212981823
129942294
261114026
215094819
92764446
140780709
140776669
140788029
140790095
197973389
112958141
111587422
27883492
143870776
143870701
134253443
118125544
209613159
133575362
207446271
249035946
167858277
129942527
84762292
197601723
127378978
37229704
23098088
129943827
204204824
253410953
257788057
205350597
204127941
257857527
217532623
261974500
261980438
261114151
261971496
204037759
261988829
261973956
252061937
249004762
263597362
263626118
261113350
263589818
262450114
205480734
263276121
263276244
263276486
257844290
262871066
263597322
263626161
263276164
263594328
201855755
263588649
252264826
252263454
252266577
252263631
252265086
252266841
252265963
