207336332
208735134
180855147
206905147
44360308
262386912
194412491
25159740
249257533
193596032
112960224
112957204
112957372
112956751
194187241
166034410
155346786
208762867
194410934
72575459
151819921
249257799
25317912
247904991
128912580
243026418
194187678
40799472
201805819
153257782
155752853
247670102
142778109
114740661
144605887
193890041
208216230
52387041
41538253
253177557
44157861
37446990
251984359
262818700
207014749
208687040
11779848
44349956
215746160
194187388
193763118
174631785
205218176
249877589
205180634
159653259
51722172
41538147
13384533
45262601
208116918
253184978
42734206
112959001
112956823
144703337
44888516
248817206
205943587
199895193
215897942
7974592
199753734
194186909
206851177
207197285
205312850
205494517
205236674
206873350
43862387
194187539
194186822
193564953
262530591
171291197
22933772
159653126
202660730
214501875
38042451
38042530
207018952
52229352
25157738
161016921
197977185
53097013
25158083
196223141
129424066
235733417
171198084
112957516
112956847
243041213
207377657
206820850
212981473
165258670
174631932
194187614
180583114
194186845
209177655
44353110
174627543
193764212
253357555
126216098
145124517
72040365
41867308
208762755
204747180
208762797
235732661
169045577
67070012
13783251
47498900
59207685
235733727
42733828
112958932
262083188
207242855
2683809
197646282
66550419
194187114
192257478
207015664
11779861
44573366
174631807
206839222
253014070
7274883
41538133
204010182
144606474
38042710
25158129
25157254
171197353
149390589
197976297
51720529
47499149
250082401
25319717
16538639
212267146
206240987
193564756
37909001
38042297
38319961
42737134
47239765
151990005
52233583
13626242
11254387
42733162
37910949
25157902
42736809
248902084
222677640
184983350
249505299
247677306
247678607
247666572
253700847
253177427
253170318
218752335
253354099
253184657
253177628
253177738
263326136
263107846
261995816
248874467
252061097
243027857
262883978
194187463
180854940
253357444
204931835
47239594
37909280
222685071
253177744
249984351
204439071
217489126
253170260
227419764
253238013
254139750
253408770
252732268
235732349
217471625
248798205
253044625
217626062
66550009
250080862
202784473
253357373
229781224
179877673
250081931
235731880
193890129
37908013
235733764
202528223
217420866
253185035
199022406
253169972
249516429
247679846
247676462
253270334
248799593
112958916
42733150
263347741
262804126
262871231
262861210
262861789
254131574
235733278
253272198
263326243
262054280
262906167
194186844
249089734
235728352
248822495
253184848
222694911
253170100
251405767
224060941
249778211
204931877
253269347
261841003
112958020
253184659
242078491
42733529
248875321
194187699
253357503
42733255
263345154
205223904
194187484
194187130
261996672
262054826
262906080
208772883
249897206
66549861
227531376
200995359
249505500
235733103
235733878
235733083
222677617
208763122
193889806
235733147
217639265
251404327
254089714
252129391
125021782
54658523
191406254
192297807
176008914
145252933
152341118
214507397
25157375
21467865
80756018
177946447
188409170
170422451
193237301
138661356
192725781
87969418
196247492
230601657
191654163
192933982
112959739
205177817
1998827
143868764
190511662
248538656
215746283
176146960
171292929
253026436
206851420
187989729
200941020
198707255
190355374
189103976
235728390
192987169
189588443
74604131
41214636
72924096
98552058
173236014
112961310
112958076
112958521
203988658
243038814
