169553250
145671508
247906798
170287968
151548603
181223390
175086591
136873901
217778507
207017596
143678399
143678854
149968658
215101825
206111736
191298273
176081029
188383675
196051053
196050162
188383677
171670414
140580533
171661190
212555984
171670560
182545993
182109031
214199869
145412392
208207093
202419154
145412574
171666708
149968430
157568447
39230194
192737499
167552425
183040278
177911837
202957497
75184400
145411700
186862478
188560746
145411491
252891529
205829280
57666697
142840048
115876498
214916650
207564765
149968616
158409862
199169053
199196196
203862397
73436949
73436947
195853951
196051582
193665932
197644874
188383683
230474980
207332483
405025
181183594
195229469
193666568
181776489
183312361
145411623
6991117
149968348
171556645
143041214
149968629
148074638
207362757
206483448
57885273
143678928
208206927
169936323
152100798
206134576
212602738
145411512
144227853
172158970
245766174
145412341
169936070
135812721
259514017
179064471
191548267
207271360
41299134
178711467
259771013
92555170
210407113
171670980
242155814
204439371
48016391
38111190
198575316
252726424
86533595
115783606
177941393
189574387
91512615
205831533
195744945
145412132
212319041
186117645
212261437
143227187
150990880
144621353
124887142
207017907
145411711
166461522
115222577
149967827
139461393
145411785
195821428
198917055
143678242
249896820
247017004
252015215
252533914
262595388
253175851
217138662
252015229
162530182
263066143
260941390
263351786
247820219
249684635
259770973
249941131
249684581
263060346
208675714
249062489
199179163
263179741
248013076
215590290
248013067
215101743
249177573
196049859
196051824
248325951
215101463
111466119
158224535
145412282
169299840
213572576
145411955
149968109
194567446
170337478
187369363
141322941
206483589
136728413
168650163
207041903
143679174
42684734
19923709
178740249
55553611
49379530
193665922
201002333
252892507
201566196
171673654
262423923
156299853
201942078
145412153
156671453
107016389
252015255
252665783
214199863
195853953
6991397
6991363
186188777
149968401
29403623
149968157
143678528
196051055
196051826
70203102
134296065
149968671
152100368
143613639
137996196
188383685
149968680
156299886
122273579
149968843
149968152
252784394
252784186
225268343
185526831
214199849
252726520
154445628
252015472
252015079
206862018
195574045
248590987
204624102
186435869
6991511
248783549
206861808
205504869
143855034
142834746
203391375
149968880
189867798
143612581
180940065
149968212
128327724
143862926
169936128
252015225
171666715
34741305
125603657
249684562
213572623
158709209
217442579
247017028
252015095
253036748
208195222
262076503
263278383
259771157
242100523
255179311
137638679
248013069
206127731
262821731
202495589
263287409
253622035
215101864
263482406
245790406
230365422
263482634
263264626
207664558
231269129
169936303
149968174
144197394
143678308
149968262
142117016
149968604
149968611
158224584
213572553
242656617
249684592
252015157
252015221
252015202
225934065
194371371
252677485
195474412
195699009
259513112
133092677
119501534
190621545
20243161
193557546
149195222
216450264
240365582
52050337
248802755
36434606
182967945
191320845
167382604
184097820
253265334
184846327
7094965
133092350
144079595
249032881
151818047
217720805
259770909
68985192
248590142
182485598
36265515
215101539
143863100
215593504
52004605
133005952
190621616
150936593
206621415
151818250
217186823
217155287
140938616
74972987
242098990
85296312
208206928
159247172
109571686
141369210
213684409
215589116
15942222
146403842
136728773
206636497
205510484
212562604
217186844
190621578
168114420
255588595
180993333
206634441
209381817
66726209
143612047
214785210
56943663
216903339
123532387
122072350
186863602
123532755
133092165
195189836
192860826
58375198
23936775
213927918
169518586
216378896
113106349
28367527
148699189
52581779
16092633
169476189
160881403
764340
217475927
249010229
15128075
157568396
153981442
81514109
183312415
151818432
217720926
105302915
259568377
66409581
14999900
75740838
175193669
147010795
217720537
205850487
122642035
16738095
198340141
50240121
205850471
206640946
136209434
143847687
22967484
113400492
73236389
162818850
140938589
159270646
24900574
136094490
136717801
113400422
173614338
244133688
120833375
11990378
140843608
