202763481
179746638
135092322
148935550
12343377
163874739
110163188
143112399
162477459
187058089
122344894
122344228
159035764
122344780
122315166
122344285
122344195
173856819
82123952
205604879
146950947
199992169
196904678
109790240
109790523
208174434
198077616
243029559
215911335
153836582
186085724
163871098
149567941
82702745
122315225
122344756
168498756
196813404
85376332
203150323
243029296
191823441
249011670
192801451
171021343
102752622
123606774
189174386
203145014
122344386
122315217
168369207
190680882
122344337
7098971
122344089
122344277
136939884
202215078
190681028
184242101
197516224
91471514
149568117
89942500
83682697
149567617
199916635
260640526
17598278
165269983
106144109
52788523
148717786
86986472
168459986
122344549
82432690
184983209
4533505
202817133
190680901
148935416
122344834
122344993
122344267
122345061
205219965
193083315
200002921
222676202
191351015
208376736
208602971
221730962
208915825
4902549
83683035
83683067
109790331
58872524
206131878
206131876
252073783
121253843
198192594
140784460
196927738
195623181
259515146
140789193
249032116
258857820
195624251
207375736
75698210
168368677
122344685
122344525
113583334
4406189
85376795
122315155
122315174
122344430
34226816
258805591
253193602
208323945
251189452
208598979
213884953
248056707
251253380
253192780
260668970
199999324
247973220
262688267
254896896
247334274
110818084
257848014
252073704
253782665
243027110
243026813
243028335
263653594
263650018
263490849
200794529
122345030
251268950
251929033
206308307
208297079
263586223
263054811
252947239
262455627
243026355
243042079
261798351
262848976
243040678
253128428
243030066
263033839
263455168
263651905
12343403
115440831
148717785
253396366
258857893
251928753
217275080
249153042
239150241
248087713
207023687
262051468
215126280
245772745
242742026
263339968
253177064
243041583
250337980
205924250
243026398
243028783
243040927
243040873
243028174
263649058
263653471
122344193
122344259
200793348
170649411
249304499
221243019
217497309
225942947
242500904
204873591
262472941
217529546
249153085
263439774
252073557
243039820
243028034
243040784
243039695
243026174
243042399
243040687
225957644
199996870
201917170
262581701
263649596
263649626
122344250
200794609
217311706
115667304
123575373
81992809
151834577
178007919
195791131
239144712
200521752
202596407
173379473
192676152
164075776
209349569
152381519
149567534
4902325
200791402
89947269
254018966
217303778
145096546
133895945
157254176
243026101
198231111
144738283
261982949
208322746
157254236
168368495
222716725
242984376
138623853
195299571
83683128
12343343
192643140
192643895
192812452
122315161
201375057
82122270
168494501
182967271
186348604
113255774
191516495
193410924
189462382
208305868
208217783
121329361
191982101
253282278
162478480
170648931
167127517
174531679
12672143
174531665
249972335
197206161
206131859
192801627
90741243
121239933
121239940
199052861
91455077
122344928
81454505
108254617
85050973
182305909
153611768
115801853
16564345
26478194
217773157
195781267
208201546
249000480
192721069
127067507
242678374
210436897
178768287
145551246
215911374
144799992
262570782
20692280
75548897
187000217
122345002
122344171
138625241
21733460
123606842
58898590
159035796
125100394
168368877
75413170
159277945
151488597
151487714
115660645
137136011
174240821
147708724
79697091
122344342
195299637
170653004
122315156
81454055
208233451
200005271
180730827
197861932
205508418
189459832
185967744
7771305
189179425
91404955
253628704
168227025
116424134
83682628
74731215
199055807
140777610
215901812
173869212
82121180
82122366
122344387
122344150
122315165
122344094
122344373
116857451
172916326
112637070
82704103
4902417
122345053
195299639
67832225
176067874
102801288
159035656
122344162
122344660
122344132
72046466
135092410
167035814
82701031
151847626
159035821
122344119
144199966
83683040
122344422
112639509
82121121
122344942
202907159
128912679
249153202
253690418
241661675
251534272
245769999
253197330
251929889
263336042
248597163
243025965
243027711
252575587
263084621
263649168
176153050
263650775
