176120573
180718902
142032640
115222745
173871325
198283485
127878984
54057928
1814781
130829348
16258578
247238439
242871885
217154139
250137924
50240371
200828469
123533763
145374699
194024631
143106093
213927967
208422342
217154197
55356339
73227951
253276189
208100222
122072505
144342228
177273112
143921522
123533868
154155343
173393462
143861229
165956525
144321142
144469988
176125634
205829162
193625575
217475547
4168711
144250831
74403853
217150096
136616402
50240768
2098907
146926564
167382616
149194434
191825828
139013708
68293418
143083237
253052950
143867073
40724158
215101684
202460339
144469997
36827252
171663297
76778251
118235620
88001202
152644702
259770970
133005585
157398995
263060867
249962357
113623726
172126285
205829331
121488502
253107155
144039878
186288520
143077730
147105689
35300715
35350436
41823036
112947409
158208701
192258520
16518795
152357955
202341899
215593225
34158856
180016232
16858895
145620645
253192733
141322617
21559110
58698174
151818506
20809165
52028621
77037842
251453619
16775843
217187027
122072341
81513552
113799227
144470465
188316732
217476079
255588191
144470413
212236813
151818905
36306930
119023191
162521468
145376819
16553119
206640912
144296969
169936051
160392999
217475697
173614346
49306400
34139079
115224647
176120422
122363033
53026551
158208933
176121409
161498366
159270871
147411645
217475960
94064289
125406218
188623510
56272681
73578145
55137007
152358423
176946124
183119265
136664335
206996435
108364641
38062500
204923089
205829197
205829321
217475608
50561213
133005858
140938698
56084499
49306383
249577397
120170733
147105409
157491276
143921435
144470281
123531968
97925344
52599404
133780874
613061
197672881
113400501
36479874
119023366
202461442
76199379
159270595
113400531
183312349
133092610
167594883
144470009
15986152
14868480
215592981
45955948
205897595
160881604
164567913
144470384
213894107
215592976
119023776
144470164
144470083
215593001
55663012
199959033
113459347
62461867
144469976
176157116
169382700
253275589
117327199
41934561
215080742
110947226
214690963
133092198
148699660
129408690
49306348
249577386
35605866
112947413
144470316
98179288
89652008
83932634
143921274
208600426
252564797
16859308
217184261
140938683
45684987
181413801
417775
75357327
199536756
128328741
251254559
72518036
210428165
153873772
144250934
142901370
217183625
117512469
57024037
143921426
145394490
141658622
14996419
122286737
19841467
253276803
144470086
164767093
37522476
225207874
144470212
187593274
91613941
20882472
68152236
150873423
9839680
72511336
97106922
110729006
150936582
217720865
244690939
159271003
57492935
202860709
203862360
248521449
49306356
176145733
2074949
136484000
54466681
16829655
479375
169281011
123533469
103224179
110308694
119024373
160881642
10384602
201347409
38633761
199531975
115222540
1675811
217721081
119022802
66563698
53992948
25126523
164970527
110756523
81514428
178607628
119024347
22492897
97925617
173955019
125237223
113400360
205829268
90852716
109567722
202768048
15662939
58848653
140148388
54764142
133091849
208600741
152561816
74197793
122072448
122072547
144273740
50669611
187822054
207976128
185864186
242739282
159270569
184473285
217720636
143921777
143921257
14548866
217475700
193553106
14240246
96245621
202385213
253232073
201439779
190621549
162818927
58247908
147105490
125603382
127120321
164811964
123532927
246592939
133923149
217154921
149192935
293396
18549092
200039513
259568318
204374933
141906457
8342849
162217559
194066814
208423233
143613859
120047598
123532155
109949251
158604164
157978581
198879677
167419312
24970997
192156312
33651520
213927861
247288922
2029953
95149806
250201302
152630455
114788839
43855609
195983827
49306459
26211316
143921541
187726138
215160896
68152145
68108405
192155149
168925544
252357890
184295129
163029681
44184787
160435633
166037789
15206076
13287899
259568324
92448429
208600843
99690040
1992175
142834406
128301337
244691394
51726531
145411838
25024911
113912065
262812106
976546
199536726
213968034
96995898
113400419
1992213
176123086
165835028
187593113
213672448
52180224
163165274
138445451
54693001
16601489
129416141
36325069
149355901
200978519
192734489
172347153
104663790
162533483
123532946
162770565
154155414
90534975
217721285
72513106
251998006
173719341
249389987
26055135
143678232
113624100
180255797
262817678
170177641
16200019
76145613
147105389
57128509
146286419
195338550
167594943
160887501
147105907
75420157
159270642
123532592
141982380
123533924
68777095
24898687
23830837
159270752
102428662
52657325
90852601
181153509
208250987
10105245
58737346
203862335
78500411
253276824
21259194
255174176
153506736
105303037
185807774
244331984
255589219
127881364
74401717
55356353
136728371
135421294
180963563
247383699
217475283
192011762
14397844
111553286
191828819
49306437
184673182
88049307
160881504
120833618
28053882
183353118
115224584
52196838
184787109
149194445
217720590
108464502
217475981
53991294
217155819
246731266
15265706
144277002
253234020
205528571
198559052
34139035
85377195
216139122
146381507
3832627
144643726
112971225
95315740
23482278
103575879
202342059
185189909
253100393
250018366
127120700
116507382
57870655
91616636
181713270
28363307
128328823
23001487
217183539
184802845
162089203
152358097
16447067
89768858
200039260
162395829
217475304
174861427
115224851
108386085
123532618
35516039
142031245
896625
144366971
214214351
150351303
210762424
28631529
155785709
183271881
144470080
188785551
36798152
122189942
58220587
144470365
122189967
11990365
165701267
127881514
148075439
173393640
176024381
174304625
167382392
58978159
151818368
37869931
197788449
146919880
142834377
188318961
118694796
106913215
81499739
166501040
137995536
21199470
145912326
169936341
153545546
147918686
143862439
136343665
109344077
164435575
172802835
143226855
195912803
156299197
54096795
21373639
156299737
216380461
197751267
204824755
249865925
187913518
89882004
94728954
54028967
54028965
54008653
169129887
153411700
174051654
156644844
147816942
173393790
153876359
83937837
25622409
4065623
169936248
68420402
148076462
140843836
72511839
136728271
46267864
37870247
29624129
186276336
86063280
161217767
171931631
150713553
149193565
149195943
171666243
147918838
156646121
131816174
174639072
887209
170739032
153876635
154155358
169935840
147105191
166461447
37523811
94728616
148695965
144339527
188486656
143678353
138222930
136799321
143921333
57839612
139458625
133091636
160439875
254080777
173424812
145411442
141906444
148699917
133811564
165737931
144342758
72598635
143678647
148823408
7434685
54008651
171213061
142781813
131392541
158210343
147816657
148699198
54084855
158271238
151981323
160887745
158210512
133812440
167419379
158210257
161217664
167382318
54028969
148076341
166461765
142787289
141905221
259519112
173393464
136802830
180721234
166391790
167658941
148697004
142791350
230284812
142554865
