117929489
174823346
135534156
252960389
42205500
129818683
110689281
39288376
58658704
242998177
58562552
194115063
192356436
192358451
189936841
152896530
127220505
139611639
201885710
74500487
155004777
155349629
155268238
178309209
198939619
164598111
155608281
192357632
178309406
164598179
152896330
247238552
161268010
102124752
213965092
178309375
192358595
104706906
157826652
164598157
187237398
194588106
102161113
252942059
217163832
229971782
90967730
179150820
192309332
197952725
178309271
164598107
152896641
164598178
121286382
192356726
154896980
217163852
178309546
229972747
152897629
152896970
164598121
152896501
102124851
252107794
178309483
178309194
217163870
121294479
127869057
102161141
241738439
74498074
152897717
164598109
205288698
152898061
166035253
74500542
178309193
121290573
90966466
178309527
174669363
164598127
152898032
198043854
189936853
260093319
260067086
260058103
263510454
247796073
229972660
229972794
213965011
262670707
260096861
189936826
260065972
252383670
229972703
229971769
253047487
249206223
101281340
89644011
209398673
209415014
108910702
209398854
81613102
167600220
100511257
96311665
136838727
86541475
108624114
167598992
90967038
167595238
129382258
74904975
103233827
86542011
103749270
167185329
146932595
149451340
86541325
96859903
167120318
176246973
87482975
96869530
115723306
141536795
101563139
114315920
103751163
103750400
155013723
116910036
210949467
86541388
121038615
95132482
183524056
114324547
200693303
108900918
174468367
166007717
166007675
122844451
90966816
105673270
198939565
252581742
143036669
190589055
96468411
154730835
164598144
249598254
164598125
216008369
217164073
247796145
252941992
252942003
213965214
260095011
207958466
164598142
198025763
252676435
157511311
157513082
104714035
164598118
109836858
114329524
200705527
213497696
90966649
251721974
166007973
166007649
121293870
73890666
72079835
168819386
104709925
193911683
190118508
159008622
180916676
125022574
174551723
95015266
95473846
124238580
121297774
103750727
124543405
103751171
85296974
100489185
121343113
179151880
164598204
207709941
107974061
86541243
103294570
95474375
91464265
118497137
152559997
103751004
87054861
95473615
103751803
210944421
247316071
114331667
198936264
252102043
166007937
166007911
83676638
136838648
109835884
168831343
180917198
129398015
86541963
239973388
160217250
98959798
125890367
94653783
113290030
116353266
45067060
104843345
92496413
155179902
155193278
