26738328
137123305
98064873
96336076
215632025
34707770
34680951
195506187
180380868
51351229
114821431
208662447
134515847
28706647
99717369
31656634
51710904
35834700
120339642
121712079
35752930
202331924
177301575
44664586
12291931
37891439
108890911
197107804
98857623
96336194
110198259
110657329
51940747
89675654
37888768
101160359
94534512
195510576
121496575
205382787
132014196
198203451
214823477
56854576
115795873
179371681
96638337
144203951
99081689
188844798
247411512
113098459
200875358
92744131
193187014
199682443
173151275
214591525
85817029
198960966
35332696
165916860
203498422
252102921
48563382
194206820
203606136
198572208
242449645
188844873
155646366
99155763
114251781
116276279
161842187
188701180
117950696
199217543
174241923
164558833
123673084
190641418
194208331
23299339
117220787
211979090
142948108
199218456
212920922
220666042
200689438
198254435
61762752
221229277
198278885
180584464
190298405
144184641
182478447
96336202
173383437
199009758
80876926
166079879
113525615
149969097
195339541
195647494
181096075
69015143
151519621
145472089
196031400
86879223
80876428
181429171
139253019
202526468
30986911
205033989
190464052
96660393
185889703
188844803
195340708
199682374
199630455
76657258
204668351
35329610
248683128
229715496
261941248
109427164
192006116
109160389
8922895
197104888
194583237
209163470
141354699
96336021
147003796
205509593
199111915
194421522
36963308
195340463
129520455
188844838
127303444
117327218
208233059
46996956
204643029
206658462
195342715
6446999
91383659
119955315
201307663
167433621
198935594
125972851
92095487
37887453
6396713
197115174
209906091
208235503
42587157
210428182
127196170
113559729
195342773
80469489
216335339
96657556
130829702
11898499
118332346
249373453
4269201
213852081
143779675
123895193
197105595
27927775
210136189
32653026
52385572
4491357
203956943
160149131
92747860
80617064
217741614
88998863
36722992
24472319
191350230
199682796
98065197
34692888
222723281
52149923
30012890
38242042
96335615
249021544
91295767
126897378
162817681
199530487
198587763
147010866
34281538
94535166
80617176
33395993
157549127
96335854
198280669
213923395
1733767
251532911
173383891
92746370
204643039
85837029
21469819
253076899
130766950
119914895
179937600
144407235
242745744
122293245
217472368
155889222
167146638
74331504
100446861
208173616
34278549
96676408
201037323
98064814
35148593
2683007
133923295
257863693
114448827
59168119
50230383
169922359
35159443
125363425
109089863
97821543
205851524
213670411
50230192
55724047
30691351
184218739
1076406
109277039
257863650
51926216
203923287
94535017
173718616
11875052
111613645
174286875
52416487
34707604
34700330
209906052
91296732
21825617
242453901
196203102
89583973
113966255
253281673
262464652
262747184
242482579
217527882
253890987
252904269
263241785
252859867
225941002
221808345
212263547
250059012
252645950
253216090
253048169
205840419
257864016
263455764
243033650
251403454
250088127
250089078
207564162
190319368
207564333
212055114
80617308
190703166
122029667
121974342
121755665
143165840
252719448
116121675
56751159
204404798
195918462
208310621
198230663
195849607
213864717
202803550
178329618
109601863
205543895
183248997
168664534
91619561
108256109
114568582
122707631
51837421
193994117
162177019
109601512
92746400
128117034
144490896
55509781
195352649
52703664
120339520
124272992
138473673
98064656
204008161
188551216
48586992
167926073
52386064
36270029
92747690
242796033
201671397
160445152
190703174
173559601
257683458
74178050
80876932
35347135
56706385
36620493
160175229
157549384
44876573
91331456
91331414
114586756
257290818
26091880
198983289
199146186
209400933
263062541
206846007
263062518
72716113
70502428
127245775
126526019
185272777
160372670
94535209
216343252
96336775
217477382
35181770
196068289
123930203
40796509
136412488
229715499
175576905
136713430
34702894
34705908
6475417
66578940
194041552
195881209
190703193
114687072
205921457
199600722
119633209
52206639
108966611
120339752
52782364
201070981
177960848
252645195
119988495
4670399
57814145
34687464
74282167
127350000
175539955
229715371
210428977
207564415
209906083
249719892
249093075
212263316
211284432
253396968
253403254
212485823
204643031
253278900
209906056
217527164
142719400
252084213
204444431
217731214
207568107
248214883
209906095
251392861
207563615
252457592
247862181
251378652
248485191
261799919
261965487
249035886
176731540
249263352
136039866
217709289
262694582
207596440
250087879
250087452
206781233
191764926
248172367
252356001
248127755
212053713
242716061
108685111
262982010
249037839
263096796
263274077
247946082
252135440
215098420
209906079
212051986
213515157
252460041
253396045
249824821
248789507
207563631
204643041
216343323
248647577
248649333
247765975
212262811
253280428
251997622
249033653
251404783
253278437
261813621
221771114
