118139433
205710624
175997715
114379861
187511530
85816349
113051205
83941704
126896676
80901457
109415557
109410005
184776287
156189010
80935758
88798421
79315614
154907337
125910406
176135766
118159847
6638689
158422151
97589199
82502644
101279008
101280807
93048747
174217286
91161265
19335719
117082926
119321021
117082912
117083340
67842581
22771417
114645025
108069254
117579733
109418086
165899324
136016651
285045
158783889
114318484
126345108
82502656
82502593
82502506
110927681
82502514
82502671
173301589
72729037
101278973
101280698
253578428
262659721
117081431
90066638
31851743
84471334
171587846
31822046
140789515
2406645
252007007
94421275
169392690
87670679
193366334
113064083
78555622
207853308
119943049
113059716
83517007
82908135
158421808
202959438
117081727
157414791
102500796
73462128
88793945
90688933
91753951
24013271
173811917
152730098
167850991
113053382
90066075
113050819
94774932
120508538
113053409
73494493
158474484
126896907
125911172
162537725
91182775
101533874
129391410
95059623
176292316
87216927
129396614
113051550
109843335
124707998
199200585
183916772
176405656
194022870
176404365
117081511
109359007
70442208
158423662
107760435
154899561
94774750
82502518
83518171
155399954
14966798
182600877
128572119
104514760
158419336
91390993
96160067
168928924
115893430
262688249
84750132
66086590
151844808
114327375
113065002
195454312
120470973
98154139
180391392
84471605
144236495
174217270
175991511
97641392
139144933
93209840
225912595
96846914
113050911
176313091
174294078
177995263
199268984
225919783
137398613
205711550
180397593
79315087
176293084
205712019
117083545
195964627
109358574
158106395
89151749
54860398
153470728
69343655
108070587
190134142
153495935
158664829
104168038
82502521
82502719
114317161
98156867
24764906
101278943
101279004
91250138
192946709
247268780
2435237
244303057
261830187
167767816
163315378
156191277
114313053
87241958
87670677
98156136
167853810
91184645
117582824
176700076
105533922
247316349
248671241
197003150
197007230
248543782
139197651
246852587
73612412
87670763
87670862
81938100
95059602
76200752
128287128
177995527
83518245
157412776
183920336
109359265
90682814
113064682
104166801
90689520
185440399
96752857
76239917
72729023
70128315
167616659
104515590
90063984
91249531
176417285
117083736
114056101
196189491
196189925
86961203
120413624
72323266
73490861
162538115
91753902
80692537
117083795
117083996
113051064
87225358
98155517
125780962
174294116
193366844
158420219
107101376
189652843
90070637
174842595
156188944
180396962
124065853
90689821
108175172
157412771
81837013
123789747
76150446
169716089
158420515
201880658
83517577
104512210
87220878
87242487
78555612
117090693
33439896
54726220
69343659
48161345
79411945
98156861
173814632
82502529
104170736
158784933
105532538
199700226
96112752
101182907
101280813
101280316
252942489
106675536
185439343
186739873
185310780
87670896
113050425
112990587
90065500
113066364
70307143
145255207
150213913
91053508
91250067
178585377
91753538
90065438
98156241
95038034
174878217
158420599
10143466
114507892
112691596
105341263
162538069
120342345
82648585
158658867
79315429
108179043
113052760
174217279
174842587
212555897
91182782
134304556
202959426
107761299
162538108
144136235
77874918
87216802
118162400
118162498
80946481
87241932
143149103
186157437
97569105
174296625
98828545
106178251
69343682
69343653
104160528
130769825
55285160
91249829
75439703
90071794
10414835
174912530
166412563
187511419
117081660
113051785
160830261
198994259
91250214
108647163
101280627
90064329
115137838
83517863
84423489
87216821
154918169
112019934
162538474
113052659
117579370
84085352
73495717
110689509
169101815
116345618
82502519
101170800
91754348
87249997
109408158
154906210
35526521
107227640
113426655
197314947
191124887
168969713
193608607
112649705
244169227
134390217
173817568
176136167
186436003
176313084
98154941
127058800
201619752
68369099
193858671
142651829
147743684
222295410
67807360
157592506
165889119
16153347
158660011
118496340
39853057
113050586
186529097
7973548
158673927
142837569
146515172
144126791
191124975
146504084
144473675
146512644
178577615
158660892
129947669
168928881
144237800
128308671
114316176
197966538
34289244
217520058
213866901
179154937
195703758
201390297
200729421
182843611
186506080
178585006
154897486
199251334
176405376
203455558
125910410
185465772
150693751
68881102
128117205
86880952
6397531
7697522
193056218
214096511
204317256
176682850
177941283
131524396
200939480
155020945
125415555
134387132
182709994
185712927
127351763
185646264
126210159
162032551
135724654
7973539
154906516
89715066
201881722
40732698
92491116
107507810
42565150
67392432
158680798
165883266
193178196
155153303
174518760
114292825
125172191
262525262
41887232
201886705
17490343
177994540
144135637
104504272
158416656
158661722
113420012
131780227
141594556
129399010
158652361
191125233
108997407
134356472
118125432
116341404
