141291897
25159385
172496887
37948750
89474113
204416557
40810250
67068534
184251255
37949792
20518907
45008914
89778238
196094735
37945558
155522429
151847396
141291670
244113518
196888507
97728505
195661549
37946952
190548164
179884001
172318273
128292484
164055654
172992909
165601427
37948302
21390852
11449957
25157619
37948458
50348582
204746941
181989945
182757130
169025028
182125874
150167468
199633323
191653683
41539086
56021282
67067148
150725911
37945129
246208622
37949280
67065948
222672492
193434438
32399789
191427271
189468768
3720607
141291656
128544426
172497499
178278361
89515370
112958653
112827031
50737068
243026869
104338331
124182932
172963321
151525914
202822076
192803896
67253550
243041823
109347133
197829628
76365784
243041535
261824879
106044876
189171198
54786978
179880534
172316642
128271358
148073012
244115626
36854728
173860407
179911894
20495950
184497441
186133249
109663338
87968822
198192396
202229962
145124375
125777344
72307216
112826951
173238588
263243885
262845760
191437048
260934039
120049303
140467332
192795185
104339070
52242929
41538705
141291896
208120256
244116752
163738963
196672836
83169982
37946921
215138751
100465897
21043146
23451722
171740297
141655358
190241925
129480542
200992484
112957009
101051803
51225813
80701365
188308267
87003974
203991873
199975399
22969244
212920593
202785270
243030546
171932397
243028028
91030021
225940081
192795554
97941876
177343347
200732072
216101651
79324247
37945191
49543465
85623671
164836889
166414989
160930890
75540682
115715038
81012657
172316147
172317936
153257627
179883230
179879411
102444226
177518483
172317816
172317348
102466287
41539260
247562600
217865413
196773583
55070334
101050653
213492266
39961168
180855462
153609442
202822015
243029712
249202417
171100779
91235911
91029933
165342190
249991296
195516183
107028378
2688899
120049350
253355896
4956231
193329253
56336541
204659855
103012848
198528766
175051037
172315575
116624684
124146432
177273553
204325056
114292049
87976606
79854874
146397444
196028882
50228476
37948968
37948047
81508051
37949821
80855270
94537499
37945586
241835472
205180698
79640418
208379559
124777115
53825728
85814056
103006433
37093598
171022012
195691234
174308510
174552861
180105193
207502373
10048260
195357367
178958502
196907046
135220551
103327133
149532730
178537658
67069271
254114876
199632768
205290229
37946974
186299518
174181399
94538006
179881213
151921686
37950413
67068200
37949711
197380678
74557719
10702629
178339892
250336031
72306825
176247545
112956895
112960591
56263079
67069178
242064585
171098362
165276921
104338753
104339125
249202623
76407629
59169858
165273555
15305851
171612719
207721961
204670803
126090214
196923595
119718564
119718700
172317878
172318691
37948594
8203294
90208642
192562703
151751161
171293817
37946557
127338841
37945165
105692478
175875658
41539518
37950549
72597187
114292106
138901925
37951177
134253160
192492392
37945916
196361366
218753269
112961709
121332763
125554891
204746424
14023119
72507162
125778921
105713152
25158071
112960996
112961466
193327674
58722847
94653050
261821338
44573396
44573112
172972756
206850794
173976009
171470230
192374040
243027295
249203452
207996945
250103739
202785365
243042320
243026048
243029571
165205404
61996056
142050498
243030549
243040253
196976653
179877685
251576480
212583771
44174042
198732847
196852691
37947769
93069552
92965669
37951304
21390864
37944987
195665839
128268591
148072456
118126072
80874364
196889513
124297898
196247714
134253258
160875924
105372411
178111097
92454816
37946342
163826002
92454517
174235961
196672968
93040360
186640093
103022513
101939618
50549292
128269143
205178329
254124434
225933315
204560875
252061523
249589635
141293206
141678254
112957868
55409944
185752583
182317956
174181336
203841660
177274182
188320675
143147779
174185008
146260183
83168547
112962330
101012533
205820090
198288648
197647300
243030426
8411726
207360731
165238428
142082764
108843511
115787401
174597022
198214193
151820639
162423986
49861240
67070033
37951143
177273586
105372843
92454554
164195623
46821328
195233043
57283747
190705701
171201979
170491534
177273673
37946162
219159435
62281151
200992551
151537804
167237588
178111185
58269237
72295890
112959473
252226071
179060347
52664985
249651397
7992647
195522594
249202333
140474035
165251297
184466713
130250768
190313486
173983764
35220465
154721681
125777532
73167711
179747574
169978820
20091450
34374088
27582055
170838335
146034304
122871170
146372448
138822544
89714321
122800438
170984462
57711799
81132352
89653374
71973048
164539285
148708676
87972491
75981416
82142859
75601744
144462047
105711936
186279292
249221100
153414260
19831150
33641223
136588950
35821340
20588884
124276020
176502917
89823711
81132358
186313015
179060126
178935282
142783308
99614301
170442453
190233912
214496938
48995625
101855040
157548558
138822076
204825683
128269111
150934199
202242317
77963515
73457147
252071626
184495860
36986846
40233592
70944871
193053806
81132332
57711487
138898527
148696629
179060678
81132346
44157916
10063044
84713321
3636119
105303641
163911947
96927605
109854012
158810390
169050845
125777110
144755669
81132356
124245758
176536130
104022599
57721508
165684931
151752624
145142684
136059352
152730112
99326262
93765497
79651930
128270532
53108304
81132341
216264945
217578164
113125315
193617716
22712522
196728607
196853399
89210426
143643664
114399169
251016111
143643054
89652110
204986356
186884449
99627113
132042502
38384460
97535199
22023020
15951172
169364047
3328423
208017238
