118763448
201884606
154914035
87043877
131302827
112653151
158667406
154728390
195210579
120526892
141541262
169349122
131239171
116636178
154912158
38055893
122759728
126339003
77875677
207853337
178585099
146504656
150565474
195302646
114331804
150610907
92489379
157499054
49953395
31688872
72025638
120775766
68496524
126347467
115242214
183915165
154920101
144141409
136784506
158215221
154915897
158676719
35190183
129587622
115886090
178577927
111038115
143747128
200862572
173816096
146510360
7958732
40129422
145654085
33093606
71612781
171938583
136581650
141542170
190320768
167616797
204056163
217641434
175167508
108364714
176292564
131524761
203505826
171957811
124903573
127661463
185466090
158647487
182587725
195708694
167543259
171777056
180047171
122910909
176417470
146510372
137666348
242725475
176405294
111381018
176292475
183914799
193367652
183053751
154914830
126343237
145455014
113065106
200723756
161394124
162539003
135001002
118588922
193367338
152839026
163707361
72131096
131384369
141483669
154730269
186285107
244169954
144237772
183920238
173519704
72139342
178577530
125735411
154915824
146515257
197966541
183920721
129392202
118589028
109411853
144140665
73329374
90189453
134380859
92491507
114324719
173812607
1077690
185498575
109150137
39873496
94267392
187511541
169348144
112654746
113065582
215902055
112648623
141097342
168819554
136106107
184313251
165906785
109411706
176403014
152842276
176310477
242723593
141544431
113426518
68541845
89060989
253427245
144238530
114430097
141531761
192729219
169347650
167616194
142838377
183920339
158648028
72798849
171510858
68580379
193124249
199198329
166459075
191126341
15244474
76263223
126935629
157025799
86880945
206669454
262874937
193858691
207420833
176405258
76795210
190252955
147421077
92489449
62878879
128287106
79928363
126338986
151845011
158424237
114318291
146596142
78032345
162866693
157592561
179148636
112990698
184301703
195302161
174295160
176417168
176417150
184081398
199708173
198978865
193180774
242735143
169348472
169349102
176405795
162032598
126210068
113052823
176292639
146515263
109416508
117155043
198978396
182710040
95444673
146511912
157412749
118588461
157182950
149189101
165888874
203455649
17042512
118159676
57455123
152838219
151841788
154890801
176417732
113051067
151842074
145030352
158673203
145030286
198983232
166412478
196791345
144473658
195708359
14990669
103317292
77849363
158665193
162358894
13577528
135600484
129303490
45174129
92490461
58802043
68816297
150565344
153491092
193368045
195708329
185465783
146949063
114316458
86881225
199562457
143967729
155240189
214188141
138357499
129425476
176418102
173814400
146515430
146515193
125502071
203402664
195453971
193367741
68892658
118588586
106237121
103344585
73221035
141590211
149425087
129438064
128117059
36332630
183053335
26691960
70671198
150351209
108364834
13576902
75549245
43045087
76204005
76263057
151844582
114313044
159056133
193370444
73390808
7490405
147550450
128259873
204660944
133248317
252528824
242618176
204317380
74640222
178475600
162866597
129529322
173814066
113293171
195872613
183920470
146515183
117583344
182710471
146515227
174931496
43127537
137666672
176310502
177995548
186352462
199243293
173581990
154893437
135496483
10317325
195708168
183920428
141276436
125412807
83519250
176310610
160940968
114704897
176292596
150815439
141107769
133000150
131508579
129566361
168928877
7940150
113064560
69032246
68816108
36679462
109151197
167646160
49272586
77705505
50428701
172001555
32855044
151844541
121299244
114704057
120904387
212074199
74571772
74640668
67807427
195703579
212256330
185506124
160941528
185447902
178575306
191420839
75597339
14814415
167492264
196455904
167683094
79722089
66741598
176310497
137666695
195450568
154911743
72692641
76686807
174648463
210431471
225201292
184244090
83519093
176416875
49271717
158417413
8348607
158420128
113427020
117583395
173582450
92489356
176420236
182842848
176405678
177995279
144237786
176405703
137666360
165896712
176417165
178585596
178585459
114430095
141543283
112643997
60970388
176405685
137666926
92491264
103386725
103385915
149423641
68579966
148924635
112656464
108364980
164343997
117676869
173814703
10792282
14989743
183053124
114322901
90188198
167618772
139745574
7599589
143568776
152762656
104294391
168808381
225201236
183920162
72300903
72516951
150565705
68445544
195454440
197708900
8295860
144238528
144238485
45848111
35579611
114328946
151844662
146503880
98832944
100027768
125022439
252097511
117084063
252528753
190544774
155234699
178256485
171809956
171510493
176591234
162866530
225954700
109411531
169348201
109817199
133025897
170181762
127352207
118125689
166412706
192729148
196153438
114313484
146504583
125911185
195702635
112646349
193858736
153491085
79721647
126342618
114314671
173418745
225923524
146504894
118590859
114317865
104289022
204315708
248654515
32175832
67807441
214771074
200670854
200689265
100487301
165900070
187108996
135840425
154887363
137220935
201881970
201890946
125021937
13602866
10317343
184244327
193366225
127661527
178584630
176416959
183915286
145030129
193367798
157412721
176417064
187511307
152838014
199241762
176405602
195708398
144236725
157592519
165902397
154913687
143552763
204315118
764535
195703977
56028703
225266126
242409292
98629275
56511289
8296154
10569487
149452481
131255367
141283739
183915221
