52619620
12041830
84450617
135290123
102726720
114141660
125790501
3582629
21730972
14708366
91418933
115907081
73912233
205225894
142875080
155764927
58010228
622571
12219385
16419850
3245235
247666742
77565666
73955462
3554869
12220711
15055105
202047871
3048867
20076059
20076095
105801271
84738505
84738473
73583130
1044788
3709985
10564773
10565028
1044840
67170459
10385254
66921610
191124115
84738610
216006469
16187880
120484481
120484745
212982018
3650813
1954147
57149139
110978954
16458624
205229061
71486635
82751586
70553243
14981480
110776668
75486171
3594555
74921795
91418994
72033073
39307895
84738465
54389458
7025071
68336529
1044732
57993548
179562640
51239432
191925887
48830556
44120310
110979172
57705900
2285039
44120394
13939859
68083697
55517367
199739041
244178422
214823942
14867838
11960264
171135390
15066352
1586225
125790481
583278
121321257
147429529
77930085
74915723
114694187
75358449
622550
108911690
41448254
51326652
73814160
25670009
13366657
20076061
10365088
67136635
188544573
72139888
42684784
158349291
169310690
44120399
110777968
11578397
16265029
458634
44120383
112550238
58141441
13798603
16313682
115102771
174256016
52141180
56251669
71073302
76226960
39229250
110742717
16592802
55134617
180992567
180992772
1044762
142450272
110978809
13886268
205226088
84999819
205228491
121624581
110575048
142449965
80740443
253635636
146262048
203069451
84452062
115092810
86204196
1660031
4400659
197210615
91420846
146888059
91628667
42226380
4185495
10782642
121314842
17602078
79667673
52206281
40273750
50713474
11755675
3554851
87446926
39320133
40350032
51428515
54389119
54389483
189143452
3052293
67138169
3052313
84738521
84738491
66522463
84738476
84738530
249877178
37005974
10365745
3209703
7029939
36998180
8144192
37001188
1044810
51992681
3052297
191604962
191124162
36988956
72558693
59210117
176267336
37749962
84738411
10387224
147782542
107708933
6783019
15280738
15280586
7029943
40980858
10713522
71055920
120542430
2067563
110978757
11586142
110750454
58793100
115522485
84525997
10771733
110979507
110979513
475640
110979002
15235988
174531038
206860173
32010063
110979263
19689126
33515743
81972438
141935005
51425534
38460857
110978782
112552624
14503091
203588039
141010007
121263321
40593128
110979526
604252
137917621
3582625
1586221
3582647
3582595
135562734
51120371
205227232
58037685
215428504
261113524
41399532
67953613
11225300
310035
39000488
71892697
1813075
647369
60798023
51369054
9670825
216006466
20076057
54388975
71897914
36803744
12107163
5932481
84738515
12220158
76103245
1040860
12028719
21846144
8143144
194430997
38906067
191592057
16419986
44120305
95052284
169325684
145499240
3649753
16187807
44981494
145207499
57857524
44120354
71056693
57961125
145969443
8901083
44120428
90868799
44120317
148906447
71061052
15236591
129347437
160325696
203588037
152803315
197210616
8901116
261113576
261113516
215286076
71074554
69003552
173570851
37664125
74907700
196342288
37527210
3965975
475729
38968260
73652847
51529678
75325689
3048681
3052311
84738538
54389040
54389524
54389074
105801267
12111744
15396927
189180007
1040794
22057836
1044736
81971302
110979579
191902112
191901763
52378047
16187811
114842665
31626863
10389842
110979498
57815326
57844871
120484708
73533648
71060826
40344382
84738492
14800333
179988527
10621838
57124197
145257932
110789984
3004529
110979600
57843966
15399999
142449754
57807621
110574752
205229254
209301747
6875279
16187909
110978952
121263387
158699324
169312197
110979499
65089841
110739369
33008321
191902011
6205329
70546024
66590807
104158724
17002610
70647398
244169994
202915437
147663165
84451864
3594529
1694373
186227814
146254973
74914330
141530976
192547634
91390936
115907554
120484332
120484382
114843477
215525485
261113522
214960575
261113536
114050521
1038346
484020
72764697
37940902
39184136
39307240
16949625
11598405
3594551
10776308
40421285
52072001
41243948
77035151
202047860
3045327
3052303
2697719
73098977
20076075
105801275
249876937
1044796
1044838
110789505
80710350
110978951
10365786
11289041
192547907
120483624
7029947
10387194
17878641
56707030
604222
10298223
6206383
14711402
2634393
84738618
84738481
7029923
39312604
120484508
14605094
191901720
45905164
11288270
6207103
87898366
6987469
58571963
16936259
57815760
19569892
13375887
1660027
114794800
202422457
197686005
203587222
57843305
208051784
191901700
213706267
261835000
205225583
145757095
215421221
261113568
261113512
263310848
263310819
263311107
263308625
191697225
249693050
202422304
112555240
57810005
57124067
252592781
261835009
263049607
247661151
261113500
261113552
261113550
214927110
261113595
261113593
261113503
215286106
263266002
263100232
251421666
202047789
249693054
215592754
202422460
203587890
212463060
180992732
197372260
261834995
261835020
261834991
260858200
254139398
244304191
261113564
261113504
261113558
261113587
263310910
263287416
263309502
204067022
247659786
254025316
168319355
960707
58326302
57060858
458276
113674771
86529817
1409313
183036615
52054047
1818417
16419924
132014481
511907
10786088
9866218
9873369
36357042
91419689
13376061
146250968
141530527
7934984
75434292
75434344
11785407
458728
2652045
67576045
3554879
163297654
84738513
3056147
20102675
105801237
155098035
105801283
105801225
105801303
20102655
54389462
20076139
155098097
205899050
3709627
1040784
84738401
199532440
174576406
176171860
15352465
2078273
110979416
19292327
2792687
19445584
19402085
48858783
1409299
19420227
2097879
8264001
48704239
458172
56106447
152803403
199942340
81437805
88072537
184475939
16760322
12118461
148747574
146249632
51547393
15133669
108999014
890609
59397265
205829872
56385544
36434633
19729152
12108042
3554875
20050382
146270076
45841092
113162692
2176089
45535937
7966104
10023669
75714902
12226816
7168967
14301329
79820488
19744464
84738381
84738405
19959702
54389456
155098084
105801214
174578493
13856641
13857306
9361581
48658198
694838
43858368
110978789
14440009
9727781
110979147
73862407
458274
152803476
1409301
8138785
19393538
110979291
48866128
51720517
458288
57711413
16344983
147730436
42843215
694717
110978927
45067505
1692093
16187803
11593276
48838280
2288229
52460603
73862494
1323301
22984070
112706171
110978940
134333317
7025099
142450028
74881904
41167929
15363917
49115967
191899984
182299050
86264521
787937
1692269
2555151
48504402
48659009
110979335
484423
19289811
110979101
3554847
12207366
19293743
84997966
205226006
244301185
63829164
69764410
2272949
36394291
52017649
8061497
8315366
19354652
84451180
5910781
84449736
13327371
8950585
4400677
55236080
50969942
114991059
54389460
54389474
199752306
163297627
176261643
50396255
110979098
890625
48696816
