193044578
212249851
185570343
203207308
210161134
52226818
144343142
183353201
177780199
74677034
160705680
912572
74630590
206388119
96196995
79448037
71879454
165191009
85348680
208673087
28588747
74765756
71078715
72935119
50576980
13559668
183532932
45258068
227332883
199141528
225207685
170959367
181773422
52415566
101219446
115725602
115343363
173636834
7419933
175193895
31322546
26653536
202879650
206490216
194790627
176457326
176457323
198882646
59062579
101218520
146492114
96209999
217559551
177163499
196361070
116444569
185192555
201039642
166071208
75800571
45639726
5913667
912596
90223101
225947867
225952171
143954544
94520574
118510816
49593950
68771320
52062046
175149980
29412700
70410302
161704790
170897483
103699045
101219058
1717047
166412217
76402047
203995859
217539879
176456815
176457869
206672627
202905410
74967210
113710235
58196998
55475921
96197002
26270508
28285890
65892344
113757337
90871477
100856651
162051597
21266015
94520550
130730383
130730877
97000737
91831156
74967520
72934110
94555157
225953839
226399107
74651013
135841978
113430091
73774206
102100917
69499531
198876449
103855467
72904016
215242384
91441883
48036318
93406764
100018480
91442041
170993364
171861261
186317684
44143287
206618730
96306338
74628310
5913687
225952465
183533457
118522503
76151934
174519015
151823607
48036287
52415808
71020956
101219069
103699035
1716809
81937385
72606510
72527305
51836369
215271021
246166050
176457230
90474050
125197194
36104811
133490768
204962816
72015005
912486
63571958
23036950
101459965
98355504
96196862
13559540
119943205
190482206
112131850
51264099
161462402
33585403
118330383
176261751
199136945
47882234
171321297
84717063
96298816
93347318
1717223
215706004
184076219
203219437
48715117
115547874
56069813
111506352
177589754
50559864
96999800
55475733
192012824
80446998
77324761
84792507
101459320
54637436
102902119
77579647
126719429
81937295
1716719
164329277
196761309
206485146
155256512
98355532
210160906
94555175
206483272
52288807
130727373
189200977
49127801
170927395
43212091
28439249
170991920
113687987
55352163
96284585
48874212
81937384
48933839
212283519
173636945
81937282
49996254
193101906
190624528
200931905
246166300
208117593
3232373
52062081
26377561
145277692
111640440
211310478
51340578
23019834
43863665
178069052
75800588
59426793
56882706
160705767
74845250
28485607
78551009
74651004
74638322
36861875
169533889
13559654
206126492
912498
57716128
202900659
7029569
71078683
162772798
227893373
204962362
175157306
121337200
73773572
70297742
77618416
35952913
77579673
100018489
56343275
195333657
89137268
37938715
34137447
215704912
117044447
115736509
103701278
76397401
175193920
76402284
76400147
71505596
173093388
184076473
246165059
56366434
176457574
173743397
76728469
225952803
225952673
180589834
155266963
54034092
74966982
67246766
67611393
97000730
80376982
52271992
196762831
5913679
55835402
74628343
136033175
117692356
110046986
109366941
252387011
103392906
49949269
68771687
68771648
160368962
74933070
72627823
71078694
73747405
13559502
52128732
115547612
198817677
35854473
35936128
90406435
87967000
199141547
77126500
171439362
48652831
103699019
207781993
126719471
47882105
184295640
195659266
109570913
172176706
113525881
207958970
1065140
230200717
173636909
175193982
212284443
71500656
103711379
217559560
48874092
84720062
48933920
48933879
199269774
7419917
197569102
206641699
202878353
202760891
194790896
114871013
210282596
185652104
10517550
97002123
178068954
76514307
912504
74638378
912496
41054511
84774960
68773031
118220333
94555124
50434729
49287556
73373493
62754452
180589847
113368245
5913701
143953997
5444999
199111812
195544623
69498961
87092618
220671708
116183102
77590628
227446094
199269103
199268991
161462808
101218683
173433344
184284163
192292761
152681979
127046029
150609489
179968439
171576642
171327350
41498026
96189710
71021908
171321442
103278950
210281911
7646135
84716977
166412143
93385759
173636870
217559565
48874151
93347322
72934105
71979048
90522898
76402289
103698939
101219439
72301703
102133630
150604747
169538186
176456723
178779032
201039358
251531840
28944058
160801877
72123423
40979563
66541164
144287223
58196205
178068967
58195753
91442007
90474222
22050605
182314346
150938559
74933072
235870897
235865290
235870699
235867091
257709626
192015102
199520379
67611366
78965911
172082635
78551136
74651022
29253800
127834665
72835921
90406450
102100213
120789475
121342014
171817127
137222844
100018496
171321294
206846950
253166692
253766745
96285484
159867724
215701285
230374512
222302478
203128267
84732103
217559528
73245755
93347454
172363850
179953066
206608002
258667185
246167155
176456629
51738095
185192433
110284933
192012780
3231429
178065370
6415835
162865694
197739953
912526
63555703
5913659
97000740
72124713
137997979
113709661
27524419
91831203
174612757
74636572
192288776
71078488
50430341
25405684
115547996
74638277
77590663
117929868
43127370
199269029
26378153
96284592
96285454
16293796
32569572
101218446
28433073
80446979
136033132
235865873
235868246
235867722
235870061
235865621
235870838
235870448
235867121
136142748
257759625
255176225
255222928
257552710
257552584
257749706
257682858
255222306
257537542
257758893
253183563
253001319
253366510
253366528
235866244
235866777
235866202
235867965
235870299
235871095
235865820
235868075
235867476
235867905
235870108
235867524
235866471
235866185
235866539
235866748
253183814
255294178
255222417
255294193
255293854
257763408
255294372
252825009
252825310
235870825
235866201
235871240
235866602
235870847
235868093
235868286
235866330
235870004
235867391
255293891
255294159
257551647
253366519
255176382
257758772
257749740
257768344
242497799
235867809
235866870
235866971
235866140
235868797
235868612
235867812
235865573
235865711
235866336
235866837
263514241
255293990
253188253
253166585
255293669
255176288
255176334
257758167
257747435
257747440
255222474
252825828
242492413
235868580
235870640
235865255
235867360
235866592
235865425
235868302
235870374
130121265
130159804
181692996
181693074
28324257
235867800
235865287
62337508
235871086
235866955
235870433
242487533
136142755
136142823
136142425
136142575
181692951
253057042
181693559
50323161
1497433
136142699
136142607
181692429
235869915
235866197
136142335
28324183
136142368
235867395
235867347
28324296
235866271
250410243
1480583
128591405
136142313
235866690
136142743
235865375
235868148
67775188
130163302
75481651
136142820
136142430
235866007
235865827
255293681
257537363
257646251
257768181
253179322
252824961
253001473
252824883
235866606
235870207
235870559
235867492
235869983
235865272
235867105
235867796
235867583
235866781
235871183
235865703
235868152
253055527
253057999
235865314
235870985
257753581
257758113
257757855
255222634
255222578
255222180
257537775
197547871
253179702
253178307
253180117
253179005
255293941
255176373
255293782
257758407
255293668
255222395
255293976
257759375
253185326
235865250
235867126
114688389
196486709
100022018
187865548
173743073
177794602
96500263
185352220
193747815
169245012
187792792
160368907
181264838
176133356
207660647
162149521
172288451
225912173
192583966
98101425
180848227
208931172
197047720
197047533
96311822
162149221
189336638
98031028
181692627
55141489
192705293
146904781
173743859
104637381
198084739
169313701
130428745
173743512
83470966
196487204
195670767
184101419
198613660
113483422
173743450
100298176
52945696
195574344
100274161
192291740
192289412
192293143
132808657
129646104
52469711
129218309
77060363
192289381
187610348
169641349
199103368
173743061
253396388
65207515
196480299
46160133
225912429
77774766
190824243
195844840
131300491
71116729
197575630
171153555
188031723
192289501
181170811
98100974
114688417
159773249
19773858
105606944
127989515
69669269
195519936
200929835
142699592
117555850
192195918
191947102
58631403
184226723
172192861
131300058
92527006
49873733
160834719
23924514
192586608
188031581
128516515
157714119
192290837
188088499
119111657
116193241
103785955
103701467
116727753
181222940
181926933
138838231
96313459
69950191
114671390
162149404
101087015
26230622
164072768
114671396
198261179
