76396619
144170857
67405774
202848885
204685845
193422845
173355316
48967721
48252547
117082297
190481004
51394001
193427649
193421580
167855579
98135794
151831766
130028846
197225463
140506658
131302971
160958581
112990925
109843351
126308690
118588399
125911133
149684060
178585346
103336304
116051157
45170839
33410519
68456448
171874539
131183898
165864830
48253634
187853551
36275945
14663095
181985732
48599441
205160341
195302590
248727348
260791819
246729828
250768326
249256641
249254972
262677000
249251532
249250721
249249713
252106547
262681394
262685881
206399112
249251151
249240150
262655290
248589136
263118480
262784449
207283177
207284419
35199479
24495669
181754973
220677967
261839160
249254669
260924647
197172071
158790537
193900724
98900605
179517188
146503904
117082529
67997554
134389661
102573524
198543484
89686124
62225318
62222088
153469570
214691349
193900894
48253369
68833436
111587527
50554780
34961432
204804560
262637156
249249985
249251223
126131471
20824750
38117945
52082513
46640587
58495490
124766042
53535854
69182308
45818650
141109930
52337694
52425636
29916656
208198006
49268992
51583690
35147964
154677788
76401950
145556678
171686613
73781341
229698005
186499203
15777662
215726422
18554522
35168128
173323657
198511640
69701488
21032840
50252016
167851417
171097675
80941271
117081935
78542318
25968994
67507447
154293422
175867702
116049395
154886679
127353079
138569405
112227608
117154773
81929097
171686575
52417225
35155850
20451908
116070270
51603697
41074081
117083609
109574782
117081625
107452118
67508380
84996914
195851164
155564197
45249487
104704441
20824660
103661788
155239262
148081343
35159476
165907010
102572984
35156826
73926993
141040824
262637029
257554943
249247554
249251213
249251083
249254039
262679655
262679207
249205360
229698457
249203332
197224160
48964013
213710610
248129588
259486184
195851246
249256150
249254898
262658867
262637404
249254379
249251251
249251392
249247162
249248728
249250202
249233939
262640665
262654349
262767723
201580242
263644241
261838646
214917060
67902651
70327515
260114714
137207535
193419966
59406062
170343880
191219754
141789546
251788628
173175424
155371818
125383476
191959892
85450551
54144095
251394483
36516931
102882476
197223661
144132853
67903471
259484130
111947912
71020462
214818962
108262330
157636427
76698545
197499102
177274482
20820044
143154407
184827544
75758983
134779535
95472698
56444628
48606992
195304668
54126636
168204102
196897892
56368262
15310314
104935833
169908972
111587511
94564171
102572764
101575447
133817915
136836242
144643843
52406817
55444309
143425984
173174848
174842927
181657010
109178425
173324903
176107631
56116870
53481410
63824094
48546295
251393541
173556117
73614186
90722180
112866304
53481385
176556553
144245751
175836186
14069843
68609157
67500583
102879061
76726692
193425648
154206085
125910997
191725120
14610773
191217724
56955449
16937885
165018070
180591163
117831972
26117874
99944908
16646193
167420545
57684546
173612959
100369140
204871707
188916255
132809513
155790246
75359594
214789613
116021147
174516214
164338065
83400905
101176809
214768158
171619311
191579766
207498289
119111936
98911632
68610828
177712553
171912635
107101379
65444798
249240871
171619961
55893759
15506110
102882723
205029250
9557796
142904273
74608690
96542732
180587268
173613590
175868259
20075160
190808951
144269384
76703449
173557808
87053000
188030765
148212220
193421299
173613581
167645472
127662839
71876938
178602814
170397593
128281766
109841160
113064095
190808956
80660235
110945267
182711372
196793042
163148910
87242263
187853491
14898932
51708314
94776758
213894244
54462231
90065594
62219429
58245460
24430745
261025228
54129154
15336859
181112900
54128527
191958894
99980105
185505898
171619692
171662358
16375016
146925663
200706068
109060514
160903888
5859421
196799675
110926005
110307955
159264254
117154736
179715815
55444555
192397518
170391531
192182802
75758030
79672608
95472162
107023836
54483754
5859429
54790223
54801593
123926765
102572525
63099606
72308273
207732612
179954437
99946763
100396005
73618479
71557528
74932485
177308127
130866951
184283329
59298082
180990047
134778892
193569040
197092121
133820695
167420501
253248795
176385011
67497233
174411249
186908428
182975401
184824255
173354164
109491809
116566460
16211568
67499386
16348934
52311749
14709697
190289946
48166602
4241515
152097998
195865374
188915059
102872768
191579982
204784010
157944572
174516118
179438248
36165646
54548393
26493317
160517108
180327684
197656502
143689388
174661450
170391369
99944648
137152983
207765983
207710436
85256143
143158219
173164817
193420837
54931043
168203143
156189077
20678306
110309645
21046681
103215609
253359163
261979329
72006242
184284243
111193438
210459834
76703891
44933972
13629284
54431566
127526833
196424322
188913992
111586867
187840841
32862314
20621168
117832307
188632172
100253860
106082914
252869963
73614983
84462082
120495550
125778067
117083592
113410444
132137295
15914865
134485923
174516067
107434615
15362990
14709488
159263984
208220540
100128858
76697357
49724049
49724179
119319871
130735270
114140766
125628943
253359172
183545555
251788852
173032354
102521005
171662254
53774581
76720624
185902360
192193672
183559661
209176988
25418864
230246103
147744240
193426463
174398746
158427353
137971701
104532977
169347909
122069553
214756635
134779264
117579296
