83852718
80873892
160488629
242042098
199582830
209125591
155289640
208914369
163134997
207996613
197751591
117084837
194130150
100432741
105601247
71973167
105601607
140753749
114330770
150312267
149913562
106992146
204065598
138410278
138422029
163477260
185004846
214155543
90066421
189233982
157809100
143424189
101764407
141541654
107503285
113345095
137244263
137244531
196899100
141772400
168768988
174603739
185262384
185101757
178076715
87004011
89043822
118421181
108088872
205921961
203957170
114731716
138421856
216133973
242493888
71883103
198592721
155792588
194587440
189642383
115812252
149485938
92048254
137854233
92050286
132893019
107979226
242212403
198698842
198589836
242042877
169513903
205696205
209400432
215078401
101007654
102563308
172678636
106310947
115804581
146224071
113344902
82503238
91977936
106314448
177271915
149149151
74368895
73409351
135336960
169987531
205160339
117242604
160850659
176802212
178086814
189648522
181564984
72595367
137244478
149409591
148841166
213498929
115804570
154189659
146247200
104637634
93232657
192246206
177929092
136350633
108296116
173539446
71515978
174650123
185097082
199592461
180320164
185495931
148910143
148840196
149243873
143422449
148910229
176471043
150313003
197775346
117108070
77734517
146247237
157422443
116144512
171715436
117081714
103869443
162767999
71051855
148824631
154124466
125638149
176292690
185758442
157251756
140173865
180400445
191521111
180606703
104495931
91402941
106769430
217639808
72331167
201914143
131023999
138419538
203106158
138407962
72721234
210751877
95154372
160850617
194587876
134831933
169987389
125137941
187179180
187591493
144138713
137244293
201794898
240170670
208184707
205015476
196272268
214859700
108191474
75964008
105393185
107502449
162537903
203812939
115804657
132904089
204961521
210943515
77633321
135329036
132319636
136020680
135232755
136820328
133613141
139625097
135217133
130459335
73833018
249028051
53623403
84766194
136838474
90324014
188975976
146769062
124415227
173583145
110021668
198926585
168364155
107484104
107530527
136462746
192384282
109921541
115438754
121597757
73492555
251275716
156000536
28079732
186243063
186869276
145289986
229698559
73787937
145289883
119031067
155406431
51056606
253909811
145290111
149211536
101190088
57382208
135526140
128307618
25812689
72820966
202224706
201113451
248070252
242082320
250013933
155369780
117681837
175812966
19746110
149464936
106812706
124863113
155192967
73813797
89042422
124416524
186239717
46233257
139805450
20577265
249171990
179155408
22015129
208474968
196305424
47501095
259602232
174622348
172364220
136839368
121597961
133166090
155183446
146778139
124243307
124243449
59498535
70158351
68352358
51039275
81695697
108098347
14837910
253111206
134357070
149211308
149521338
111418821
179149635
197547971
216108722
179148854
121282669
242494055
262656780
146768773
58591385
6461075
109594499
118899089
84765982
90322159
19390716
46562528
114442397
186640445
109933925
67911268
68802621
78951820
168366147
161588293
252178713
151524969
187826216
251927145
145290344
252585486
261801252
148806103
134356807
136839163
189150278
155181302
146785266
70209015
175143885
84765013
183927202
252887358
208475031
204611178
247722965
149567343
247723140
151525063
198277997
87151466
171070063
68857032
195302731
171070261
171069733
202063885
201016904
187825824
5501123
258820659
252023644
44215527
114437624
162126599
146484793
52600245
40895646
59151723
157025938
139620348
84765066
107475246
155368330
124427183
73832991
38301396
28619278
153255753
164157778
157637353
19746116
173448607
124415718
84765947
59526356
89714876
19746126
136839248
124243385
173711899
204897931
14815727
176156738
14815909
103079663
172054278
145290000
145290225
46105865
92145977
146774216
93003928
128455456
212231568
208171873
143214468
122320288
180867151
121343857
187826267
186319180
175948964
192730375
136837634
99026358
192834484
5530685
171069984
5530775
146694231
161411226
213715494
208683418
108009946
198883582
124427741
84765585
76042657
205580348
113276774
214894092
142672911
59500164
119309096
113275698
162598349
15202143
169714022
180047149
67911264
181186686
68716507
249237896
51030425
200712343
155369746
174622477
200712157
186319279
202064053
161410090
161410102
161411534
161410182
116002399
171281524
187826309
250066946
191691154
195528750
204557058
161411383
253058975
46308077
26049873
71140782
75366320
44061460
177200844
146769483
153505844
212231559
52724015
130621580
252892358
251982327
229751672
254670029
84650660
149567234
249944911
202064202
200713170
7819968
149363115
200859658
19746114
145664070
90325860
84764989
124428120
72865863
73648241
113643520
155180291
100375688
136352854
186646861
142672702
71140090
155192133
166433742
155183353
