203916046
138227172
192666840
152335193
72168876
199542427
204685784
193419943
73163502
73745244
193863962
171955827
98668438
99945949
91130581
92462718
132111663
193489163
81933617
167036295
168610315
154262701
104156968
104156885
104151358
191727647
93225712
154899353
91106804
261808598
128280616
90483633
89430390
101410012
164310407
229735244
114295402
101409431
52711927
173945933
193061986
101409570
190641432
173996156
108568186
204685796
125725750
117831107
28622663
92471481
91111511
177055375
99835898
207411146
108556796
186307984
167035663
71344731
193517669
91973185
194863426
193598391
112709588
112645778
128924126
99836886
190723646
92465334
175836517
175836283
175836199
132130326
154999085
108558286
193192046
92468909
104150471
213929292
155488047
115825463
115827824
74895500
87967195
138754419
248659714
57692305
170490900
119707125
257855795
71177705
174471569
184827299
167188171
86989132
167035421
97555200
124774203
114430250
48648106
20688572
88049201
74444761
92465342
91386950
67018011
216361012
50769953
175836044
196540716
107411732
151521586
98985678
190444598
112710034
112358186
74547418
160883728
97865222
20541443
108555160
106813406
54801175
76369205
164930749
148606578
253411351
108555746
139059155
99837519
56600570
251280597
10785741
103814322
127356595
4616527
74793598
122175499
205287555
247245271
161878319
121004341
77315179
248593091
175990915
81926770
139148940
84460111
178058271
95195748
172919021
117669745
80653076
111324789
243044415
83472238
90063310
72169038
67202115
193425177
98664818
163031370
126868562
105603774
193420193
98669288
101302183
189595408
48526213
190647489
98658197
203887913
168826899
158674725
160516484
89684756
245768155
193422699
53826860
156189068
98662019
106766821
198126695
90484445
195968626
98656898
83812783
167969281
192883209
58216403
138751365
2371949
193423380
58216966
149415339
91386712
76416270
190644591
151428712
87480386
112358109
89197078
171662356
186633405
98663341
167184107
207497596
101017036
90483795
90806672
186633163
161239017
98659663
103893558
113064395
71064611
193433139
113412187
72872163
50327616
86378916
167968875
71064903
243044570
178058291
168812478
163030754
71064995
15633417
98661354
192222085
138755896
98660750
98666340
134384773
141271501
76697658
81075589
185842484
93311296
93310922
108429044
67336831
193423727
106766873
163035072
78631600
4359739
106112424
117084874
95059515
98655896
98665561
141042515
214658398
138756781
167474545
175867845
135840564
224402522
98657061
76262445
83813002
97926938
98666633
190441435
159127112
159122849
191543045
72132008
65485722
114055822
151424090
143342588
98661078
174516156
173582391
144141318
163031506
76262303
118588395
90483751
35235664
118143205
127661525
193880816
108913750
191378678
190298359
98654910
96609400
56433133
169313376
103683048
98669999
161256831
167167908
98662018
208122740
140150721
76262686
84867021
90484471
4617185
179746796
138749205
139530536
58216384
98655027
128280794
102262056
151422189
246729940
77970937
90483623
101214029
190641848
152335167
167184211
98657220
106078454
109128052
106765220
36550572
195302427
126765114
166054923
138750794
163033724
83804999
4588003
254092835
191378624
200963063
110024705
32440740
142836682
59073422
116776756
148841153
90483782
97010890
105232720
193428940
98658859
160399619
181105270
98661995
97932407
90483630
71568061
193424534
193430299
178608864
178608839
168843208
115936041
163030376
114313949
196093567
203753871
193428976
193427333
108926755
125782824
84648995
214590932
190413038
263034033
193061904
252399944
243044264
216870978
193879011
249776958
249135764
262807078
235852879
215988260
203384227
245768191
193427573
262042995
246730165
207481361
263034486
148052343
262052208
253359443
191377964
243044052
83401086
98657970
98670938
56741496
115935362
90483757
195703320
193432574
115934194
141533230
98662528
90483731
90484465
98658640
98654847
100253490
193432742
193428899
167184035
167483003
98664738
53559669
141587999
98659988
90484443
148750640
242753592
247442361
249947826
207481232
261942196
249135675
248593128
146712227
108262165
15632226
166055321
87896618
98667897
242652947
117084504
178608836
108418191
115941615
89493276
98670375
90483855
10841576
181111607
46811707
195963100
179954242
193422778
193419655
138751197
144125144
158758104
176385017
124543635
83807469
90483876
90483822
75668350
138749666
98663721
185505900
72801683
98658274
197223565
87230910
167968867
170277418
170391109
109419263
194130253
112358015
54475299
74977988
90483655
148052427
112138625
75818101
71669337
71882441
213724194
41589144
140781820
249154404
83517021
150214265
43172180
72453438
171620915
200766781
138756490
76262173
34746587
83518046
41590325
67733705
243052120
73169076
76100043
111663684
164817080
191543688
200926865
59070957
138747953
81075268
72032082
125352154
195230732
192220467
157511518
189654273
177013364
79192956
41592896
104925257
191150808
180948277
20868674
72193565
72008818
185276168
58296811
141835597
145625309
167169649
72938174
138756908
126040369
198590541
154157682
180105246
201117677
83517309
143157844
86129029
71946469
180954131
147665110
201114942
144230849
80935576
180940052
138748892
76204281
49398528
59497568
72193528
154696101
138750873
138748416
76146873
71960175
72519465
131419668
179414753
142243377
72300236
179417990
192333999
176470851
160633876
181965356
185276839
131124888
99487139
75637055
146699885
74389542
