207379110
104514278
249950065
249168261
142751247
73163333
203455597
178578095
193590040
162030516
184518409
190320701
176384931
189972730
173521244
252847992
185443178
262301077
203456546
193367443
197595616
204848654
176420217
262504148
195708318
259318717
141918585
249855094
174611485
143156750
246162964
92937276
181123293
15887733
173970015
144082854
78892718
203869813
217148998
193762217
26471548
103888950
179152507
247813598
70186390
183270315
217149104
191391999
197650194
56104469
210766493
118693079
131578397
239144575
193624192
249384559
169108062
121037686
39089651
82561268
110801615
54467720
203869857
197212837
51101218
198436591
136782921
198481815
116341285
194456588
247942387
201889513
182851281
166035386
63535366
143148330
190086641
201592775
173711472
52580675
143148643
248946989
182849680
193911883
216122046
172447900
211962125
249968550
225171761
21584619
205605497
247854493
54072707
157495827
33132761
154899521
214666934
84846516
167951813
122293129
19991655
197026052
16969488
141273770
171759742
67179302
196789905
175847556
203869753
112644491
164010909
167951746
177755299
143155698
184847372
115439033
248906346
249093267
247859735
58625977
201886937
44937469
75403848
67446599
98640794
105178627
14815686
52342854
104518509
104518403
174235091
109407659
140138832
143149748
136781731
197949498
170181789
180037101
207037387
70241941
187156853
249259288
134350353
208235759
198458875
207461154
192173539
216124868
216121366
131254117
109155766
74909429
191650948
154696253
40811393
70669772
193533239
126345378
150938521
248935474
89644039
208559812
186277441
68354505
95474303
94635174
152193123
207037341
146634673
246163465
168810925
74596177
158654569
217159145
56439203
143148966
253079965
197031278
109124756
69517905
209581137
185052258
225269178
121038539
98641551
58515928
104706525
108863219
158888896
139244072
198296743
136782119
109138543
176060447
182707680
144082413
114314150
219406444
248931707
252605276
59386827
54061119
140150420
195886352
109138183
109836561
144139941
189180411
193624374
197396719
180999983
143152360
44323290
208648692
167594277
75760437
179155039
191516752
219456511
153592458
70505004
113422790
131579124
180908146
225906849
98640912
178712194
90062191
178212190
59498052
164598145
155795252
171659445
154888009
92097766
167543233
253079430
208130716
179150654
149567282
247723081
131577408
147247762
136103468
170917719
225906802
123948440
54656953
136838512
15733562
203463623
158674522
201885696
64253927
217149363
208094665
98152252
253038410
155379131
164242318
245766400
198941893
262522083
19339844
190086025
169874161
31505572
32260893
173903665
125737673
58810858
54064027
73254863
183544621
56755887
255598691
212556587
262522571
75375246
191691062
257770664
251255400
260794000
143148688
121039073
121038453
35569825
14512390
105630769
247411545
146594710
141273535
140177800
5861143
67445189
204337551
172491579
147663401
249242089
109135343
190682089
176533534
197220052
141537442
176264442
5756955
152010296
110689063
193911776
147702692
141320466
83162343
87713898
196003214
75442573
246158474
213499144
157826995
147497008
86542068
154855365
252610652
215594060
201678766
113420043
54751225
73253180
53329844
73814932
194456833
154888970
207035887
109835810
173711913
50347801
49621189
96311417
182148269
127868742
197212596
248224085
244318025
113427250
109837270
67413251
208797928
147497017
56709435
197952947
21153790
173461466
196443152
188140083
100747131
46105126
253281868
105179114
170917587
11221632
55637135
210978782
203210836
151897683
106303384
155810201
198940504
241870744
252575152
106540630
206474746
235856252
257843993
58893863
164314228
14710329
174289465
90061731
168835803
192015488
145078059
179555005
162048154
69193098
209170611
16180238
109410219
162256829
145224123
135521742
12785565
20161387
193911676
109322706
91238363
67990620
249239450
159597633
193767178
155271999
241972510
179155634
156291898
159314189
10826412
248683536
170449822
130623957
113410567
70506859
114991367
163031335
86882422
15415704
19604265
152898024
143148711
168459961
201887518
242204723
56869985
76474428
105179070
27879914
114328382
114315673
127049952
96308711
253311505
196768398
195807002
171621949
212558796
249149888
216475421
143148551
154898535
143147649
65410167
90062124
135113029
147353840
168816893
165595126
109392914
10826608
12306400
89727544
208223874
255763155
160522261
109933465
70669356
195886545
203511609
193685032
74208797
197214575
262522316
95474235
201592728
67144477
181713930
143152628
76474236
135527216
159955905
109836631
143154200
150019157
15733790
86515224
178212046
139730718
75414718
188007150
109214434
202709326
161390270
59420753
162025304
208299828
179153831
21053839
207946471
192015640
131416902
19362313
146594291
68889396
174895340
158651241
143147950
88809321
7934390
71081517
11197767
171658770
164512719
262522182
179510475
179150560
184298412
179155247
208170106
250132291
248537580
134350474
48883555
75574054
177552025
53797068
108863601
146595492
146643384
201592674
115441267
81209218
70665691
194809706
92729251
109138521
184119115
175551986
198463587
242796879
144082850
257869086
253098223
49352643
192309095
14519312
84551579
74179778
109415302
69197061
213999780
13438738
207554908
154898098
159287294
174442442
167617493
67281718
171185981
138000445
143148103
249240464
167441344
253097093
252002656
95750225
198957876
193762597
216974804
208235538
253039734
155531065
165782205
244317688
248544679
