141739455
22967915
121597782
154175118
196455852
157494782
198327459
196350185
130867502
43628146
14996434
144062581
7739723
73500907
133893525
133893823
134976028
13444099
73201282
173581107
33365611
26184492
33365645
143813784
186745366
84478992
141356090
167650571
163032109
110971869
14055094
178234836
176416749
5465201
189379619
204321703
34483572
118125307
118496751
92995085
196951888
104504706
76795109
169112495
198327329
31198275
44014089
133581512
47146221
68102246
87219957
160991450
93956285
133889943
133892439
133892797
195444577
196206105
201106390
73554517
173582623
4333909
121747165
130792138
202224674
203853149
208250965
3548511
44227778
196873473
134976649
160991572
134977006
118152324
58271635
213867472
203481359
194431102
125392397
198481848
148840919
73833274
36022492
136850814
128588372
191977256
58868022
58814116
45416653
66777977
11338125
159486280
208134668
196950355
152892640
34638139
149239168
126679057
72550116
37877632
49563515
183113105
148674449
125095967
40820267
44370475
44836508
58731210
49563756
42971764
194327727
154902431
133893520
40752921
143817257
130867376
135562377
248541626
190544224
86066435
89473315
183920178
108932380
168934155
171824637
81092673
113051800
83517216
168928968
94892815
150493358
158417206
3720651
101166330
98690602
96846321
214731293
174383011
176416910
195959425
99838529
126896588
73490818
177771884
113051207
186638660
104165245
110914591
84159054
114331628
167357912
127557830
173090215
104664974
118143389
24531104
134388739
193618721
76404890
104160170
249309405
101280331
101280365
196480319
173814642
143149485
167617297
156936109
113052022
126896700
176416192
73495730
125911673
52372935
158417754
174217348
72302918
15730079
167854207
125913307
143148124
89294736
141538398
90689150
91754258
98827137
82299777
86126344
71999433
90065304
193187056
191392922
114473362
91181198
113063738
146504053
193367661
82502504
178056545
33246934
153471844
158423611
83517180
114652753
114382384
82188982
174217281
57983599
134507377
158596078
104709054
126896666
128866821
126896777
101278807
93157993
134925444
162537718
91853283
144244450
167813161
68574055
168816892
154917042
158421772
167358116
71311261
91163001
98077048
67847238
150965765
103104971
114291154
191127241
171169433
117082290
74171222
178311284
117082228
86873750
2436851
158417328
87670815
201888201
109358457
96845385
73494096
71519936
194084671
165938697
175997195
118989970
91167810
73495130
169105686
186435993
71956582
98154920
14966778
19630688
214705125
72740298
141532395
167415134
194198716
253556054
122943589
142322885
29346865
11448905
84152334
139144918
125912200
169102600
183920486
91165347
113471739
126345691
89052560
91753993
119813277
83847989
70242306
99924425
85350979
158419884
117082909
182588030
83616582
3530517
114323031
99868450
96845930
195865136
82499411
180397754
177995815
187511352
157414458
73495109
158425173
168934156
97095549
168834480
75664276
93144903
114334944
102122385
83159030
15511596
75363636
96385322
176701040
85741473
174296584
201889749
83518550
86024853
93323994
174486534
171510842
46636446
130973782
114318987
194950515
13895484
90056824
117082859
95204649
109358720
185444856
114056051
90752306
73612405
96324707
128674903
200680091
205720050
173815017
113050964
113051234
118159835
199269134
109359203
6639043
182598293
177771455
154730997
107336045
155350829
170151136
83847881
205710614
158417793
95563512
171290707
67844152
48557634
205714419
253327634
158424280
87670597
114471848
91648073
143151772
84997881
248544028
91530770
190544740
239198107
2433051
2436077
109166200
176634142
178584511
193639448
198542768
104514761
201883978
69001001
95059604
52257138
15817053
191125088
158659771
104004900
84750036
20677654
195662760
248675552
82502508
176416552
90063531
78555734
141537514
109817247
19335322
169817629
168819189
180391723
174217375
155350726
308531
242449333
66064409
89782891
5773845
101182909
84471364
2408101
158423534
52140347
154855442
143157347
97534984
176292920
160585784
191126712
158415928
147981965
180391852
248789538
115095795
167645649
178101040
138602585
158679607
195302077
162537840
162537763
158416957
94774745
117579650
90064957
11651922
177200126
95753046
101279649
199731930
126896635
139146668
113051856
242634502
4466911
197595836
95059903
112647838
67912465
36784810
90070163
114327200
82502525
252948275
170344364
78945538
90689777
167908067
189641794
53298213
113051147
71920150
113051329
133780712
90689449
117083353
108928607
205712408
171511021
198984171
249239814
93144999
13307699
193550816
94776512
69913052
118141494
75391803
104105204
190133787
104513064
146510611
158419412
95253537
149450581
125083921
158418003
4463989
165044402
242634335
94892649
103952404
53788829
193366969
180397028
105532271
113050650
102129892
158417590
135351386
117081645
90690001
72746558
113052017
76240292
107760970
180391928
75576179
242042845
181804414
96847532
75414873
38430646
2892533
162538648
141586831
117084040
90070286
73491796
73495695
114645174
171083266
53034828
162538151
108069394
104908647
81094402
113050814
74541463
201888496
69472359
196182886
180397188
83847647
3712309
82502510
230207215
20538865
101280379
101358091
221712572
191220095
171022718
72707844
262465808
125913333
113051516
158419524
115982273
107760659
117581316
86963174
82502540
146287184
99153246
12705222
95019181
101279577
101182930
82502585
82502601
213862589
83857452
78555801
68196201
90066014
113051397
87216945
113053066
173815803
87217294
117083309
70853641
125782970
185466178
113052018
158422803
87217587
168766906
76146641
207477096
144124534
73319734
95544499
52835942
91118279
87226902
119943057
105751299
127352753
112990701
108930942
156206459
113051016
113053253
91105680
198825011
95037877
