134407560
166392090
53310863
94728451
198412509
159964945
86406630
192246059
148077562
151982063
151708007
193665960
143862638
216401672
131391466
204065451
186333418
166461699
169936604
172269332
133792298
80370581
148700418
74347959
169265092
143678423
7408929
197750439
145915038
151707958
107018280
158210293
143114492
170337699
148695336
169935806
23942131
71106694
217164102
143921587
169936095
171923956
54084850
73091443
158210200
145620464
204071165
140843850
181153632
151708326
106913274
54014700
54028973
54084866
54014710
153876996
143863133
166501038
143921521
143921481
133092792
148696090
169109299
169936339
136728284
136728248
136728332
37870000
181153221
152341894
72598873
15028281
146919701
83477847
153981538
54092285
53854063
94728057
197664926
153769220
107018284
151783580
143863422
133091834
166461701
166500891
181153239
189897061
158857142
12237656
142097636
10211977
173393680
143679067
133546377
4065637
206295790
205059939
94728051
196050746
156299323
54008643
54014704
151658759
193977590
133005953
133005287
193640737
12237674
176925360
137996391
169490885
182997359
144756568
166502518
161944759
162825054
3009057
137002716
55178316
103264978
222683511
249216912
54084852
54014706
54084845
54084854
137995375
133091711
169935906
143863269
188318967
156299793
146369490
156299717
12237663
148699483
253363364
249761463
151708062
250057587
248788306
263067198
206295917
198725000
246018684
222679698
248787824
249201462
257867504
255179313
216451148
144756893
254080784
249679104
205059360
222682791
249201707
262645826
262646332
262699851
262853821
257867522
249743300
204850093
171668221
48125016
203145382
121231535
143043630
128822606
169936148
219530795
32649374
215893726
23482299
249912886
202762647
193618793
202762435
121230399
201807510
121231176
131570945
214138455
217634683
208916435
201808600
199738658
222705252
73291754
157076771
161952168
142367542
137182026
175215073
173299847
214237119
202961559
150956681
207049997
4748469
194395767
208389075
204535824
58449023
173674484
153262233
173393954
58558883
198542353
193417504
250112854
208305845
203126096
173768941
162387293
137182025
164536652
196025309
32657261
163574350
148006536
182100343
65167422
208416773
152405683
206482194
94674238
200762173
204644687
148007133
217479654
65170529
214648710
191925662
249261917
148871790
208650202
163875831
242192641
246164609
184793884
221222665
141658105
215252931
1343555
152446991
143778816
201099335
212319944
56574824
147962114
201807784
193686645
4365301
205726682
213974927
198887022
52890255
72689903
210517406
246168159
22112340
196904708
182558638
53184817
205726658
201806126
144335822
128823161
121230427
127120605
217479935
206307960
207862339
98575166
242283454
130532991
144230661
130336269
185435269
121231222
51654836
65171433
205059901
203142138
106700960
201804114
242298588
6633503
202233556
208188030
65161647
53924415
205726663
201804976
201804464
57471208
57450431
208916799
121231468
128327040
206270103
130470302
169935884
158857140
146492734
181217310
199269664
200793398
163574242
215217928
48550522
243300268
15734726
121229559
48476154
109681177
165710921
75996947
32835143
87569390
205726659
242273180
171668242
169897729
215748598
116727227
162008074
147962186
53469001
30893647
206131531
3766347
189556403
242222420
217500680
227210246
3766343
253720384
217890348
205829836
143054792
182558570
205073226
249227181
193617575
206643215
3766345
57449487
252755808
208916785
182558534
208201165
65168979
242268223
189867623
217103651
36715257
206131400
137182012
8121968
129568074
170065852
250118259
242658229
143018638
46212502
65164906
220666005
94674271
217479546
249291732
205069739
221222678
87452602
52373201
215893788
205233688
195766734
186242875
122588618
10006588
137181982
198542286
112969206
252727394
137182043
162387375
172858579
193413732
204642981
191435985
137182051
57085574
163574256
198542003
187804289
129574529
70857839
205695503
70853747
194395777
204641144
36750914
153262597
125628724
54139540
208529092
198542327
121229628
247412820
143778826
28604727
53468219
25981957
54383797
25984350
149333880
208187930
186242715
194395782
204643999
208885959
204641756
203150416
145671676
3766331
217479360
215893615
53902790
57471422
121231115
30956747
208643448
137182027
169898009
210517396
247199025
147010678
179492490
147962008
121231313
133934654
54460128
214842623
214842621
172840953
87520083
200616540
248787441
204646147
196889091
163574218
198542302
137181985
181809483
51584782
193153369
212868402
32225783
242497760
96991243
208317272
115105362
170139786
67808108
121230625
217103669
191093345
143778822
248723449
242279144
218755125
52216898
155220187
185001799
150889976
205073984
217479807
144358624
57449702
129521201
142386566
162387431
215893715
52241384
249912832
215217938
242496326
30885563
143140400
32637323
260921808
247341475
178010708
199974176
212351185
204644988
57759338
67807645
206501249
121231067
244304217
130461582
63577954
121231075
100301466
172482945
206643623
143106191
163572792
161368216
52214261
206131239
201803991
201807912
181972710
199176135
217696347
57449230
204640676
249226789
174134277
67808202
67807598
150890000
121231162
46260972
213968036
86013055
195724357
32592866
172482362
130468256
239142033
208206879
57449586
25982160
205539187
206491437
242289686
166430234
57164145
198542018
143034751
137181924
46261110
215748604
242217609
165712531
38839077
217890397
128823115
192920422
76206938
191298277
205432504
207167128
51284146
194395759
207747275
32409677
57471077
121231473
57450280
248772787
217388253
186243072
87532495
73755248
110778546
163574272
121231337
244318242
32673039
32427709
160406951
197653800
72534776
215217956
48477018
253285961
136868130
189867614
143032345
163875939
205726651
6710703
68779875
51653815
217642574
36715202
217479767
249261921
172988194
121230450
249226967
252790527
121231381
192158588
197119661
149509533
186253355
206498337
57759342
215893607
204644040
32629470
3766333
53469173
205539298
206491559
141658123
177860871
121231043
3766341
76459117
215893669
153368512
242710822
169456411
109610886
221223108
48567207
48518776
146492208
252540035
205696055
204403303
170405918
185088493
147207156
147962172
57469632
130781041
161230871
205539508
253236016
171668187
204387665
205073048
164536644
215893677
198334758
57449291
57471214
35431775
102863230
46906219
57164838
242657965
121230896
163574221
207506406
162172150
214737400
130546380
209166137
48565891
48347215
143025446
142369147
53186115
208917091
142840054
48459763
30886942
202403546
235921231
253365150
139034127
121230909
172483724
128658007
205471400
213495274
207346154
159973330
121231521
48564009
155316015
196050267
32409965
221222703
143030728
217480240
48477064
48477483
51653752
125739784
100307674
170404492
212526894
30925712
178894840
48566009
217510740
121231395
121231249
242496587
121231118
169457361
26618260
205233825
243300299
197185839
129505519
174540089
57920897
129569086
48554398
128822899
136856578
229726179
128675614
205473011
48124938
205539449
141565483
