172536005
114509911
212920967
94104402
82700722
106765137
97758054
181404888
93233771
59470004
58230363
174086636
190509291
215720526
186677676
155182871
101125834
84637347
206996464
16239211
225218957
120519424
203875671
11423583
179689103
179756701
55524516
161451555
107989977
106526711
101103120
118183456
120856930
114619568
104791685
84544002
87739335
43816670
101281211
72303774
167269505
122437275
97719473
185884763
140950740
97732361
175790174
120519464
72505771
10730883
69991534
134797192
37450834
95112933
215601923
203811788
172537659
175792300
141739679
192191619
106366523
177202653
197854762
214723228
84822062
73842488
137953336
85902450
121400873
166649756
74844904
195962365
232446591
114853909
171174557
201964864
73588007
109698272
95181024
96066004
123954608
53501916
86561190
181986604
17353646
186677617
98604901
87616279
127343575
74645419
166530485
173632628
191659328
101279091
2315993
21012587
217781397
73485019
85239771
103357370
52059428
252604711
175789853
104017516
55097034
73742632
118580102
185333544
173889773
104019068
216274802
24198840
184302597
161904734
170498128
107154940
58224156
120342296
105192727
119615353
108431580
104792566
73742576
113145374
85901267
42499041
174115787
94894144
213496863
169191209
183921232
138039878
97362385
170276847
103358566
94570083
50779337
83852768
57317278
51507409
155924226
167479447
172952136
51280936
91276477
197415480
158101234
108915738
52418277
99278368
185592302
197826233
39852989
217188299
85904688
83685627
112328778
252647779
96990627
14257808
82917876
97318894
198800083
24755087
44058047
131907412
51591803
185447741
166210052
174223870
95111675
81701725
202046359
204291742
83034305
167480327
165210564
51524629
184518602
125252949
113057395
107362506
96272219
52060672
77125481
247325404
108069372
158101482
164813824
122184432
86049829
123204534
109915594
161209630
205804014
72463913
87737318
203770330
127342523
114475273
135454641
153789610
121400784
178090075
73607300
116827792
165206619
172536224
82700793
113056949
143838183
2386231
166530438
67110992
108401667
118182636
218735272
85668736
202046348
100146706
192890816
195670962
84487723
51489130
132021518
58272863
3579913
79437188
106528070
171669658
175791569
199169223
86049686
185990854
97020046
161030632
198732682
113146750
111367864
192788548
154720259
174825019
94565575
25964873
91970782
110642770
52489128
119361692
89706444
125779694
87582606
95142133
113059788
138559514
155706013
104792875
24753944
83637256
104792324
202605142
77643547
101037297
161889454
84532478
79651937
168493880
102519516
161451856
107155340
151805560
149397495
132365893
177208863
84827142
77155818
152805777
978217
94563900
23179043
187301381
196283669
163297730
89479485
151804704
208303307
101279101
203965085
195657106
84824931
108412241
133765881
134768688
198799741
137442416
139142426
84820860
91780197
84819055
44303635
121400674
124747973
161889884
166649848
171328487
112764895
132356142
116481315
69982173
173889795
181249724
83033098
154153372
118976376
161904156
104543658
188189758
16294671
101185330
96061253
74813643
38232953
146712791
167479281
120857433
89706457
6756345
133563862
104793958
107155053
195886329
107695478
201501761
6422185
247823400
113912183
141248082
111195211
187515848
73551575
154988216
109137576
45468948
143779712
199929250
86049681
167477423
108636692
118184175
104394691
157055978
201802521
199601908
181452654
146711729
82875023
169833290
110694718
252131124
162127441
151804819
96779045
174012939
82705240
168660717
151801276
75588355
197218173
106395034
89705892
207759776
83034289
69022585
146718540
167223900
36265616
107695363
106527902
101183876
244298605
103357621
124239653
74564323
44055367
105913483
195664729
81307260
109981374
86562018
104791485
101278887
195106990
168388342
100373912
161904445
69023007
100747052
99643854
107696001
33438903
81307391
176118839
85902462
161904758
167481934
56767843
192678303
215598231
217781791
158101367
127341108
84439427
104394414
73687981
205818412
52292511
161904322
167482859
39159456
190505700
192062096
185990571
50876586
213965428
127456542
178944986
103806799
84821589
196085054
199952652
42338265
106572596
158101008
84573821
191500992
104078585
181215846
196549945
45468903
214147244
40648165
178944456
51064231
79436775
172535110
128158907
121063073
96845191
120856367
93151846
162023055
106874190
48095539
103121474
90712647
104493270
109567589
109125528
100219833
106526434
79550793
9770171
73892577
76452364
183551361
159196684
185842886
167476688
89871554
84299999
4193343
119104221
107155129
185842753
109917100
167475953
166649499
171717064
155327283
124747919
167221997
83344810
185225245
201501643
199568422
101279614
84819604
205978185
213842128
84821625
172517722
52338301
95248933
217782019
167477940
76667749
118181524
103357045
95392738
101353512
186211366
104394164
183332039
84820657
23100042
51592951
103358752
197418200
83686365
171330107
39852975
162340197
73551200
73606478
154173067
203931851
126030569
91969747
33387577
162340697
207710592
259536438
113390483
23515594
107154106
187010758
165205523
193777907
50377280
89705909
173886079
183683399
95858387
104792355
125252906
171681734
189174048
101934189
167482473
72928555
214599818
161904346
113143694
123227918
101236517
100905782
103881831
43043761
203814936
82698680
204808192
89046892
121334900
46824348
127340560
163928158
50425498
178519381
168581742
197409453
158101280
90189843
73785598
178111607
110656423
146778083
184693661
167479904
174374950
181266284
127345488
76527334
79628400
107091998
101278927
101281094
109127532
84544893
108243154
23838806
197778943
138150738
161891275
146722124
44803720
81307823
175791747
40690513
171572062
105185981
107694139
104752376
96107423
162207387
47867738
93717376
91972058
79550361
168422284
104202336
72093578
6661117
127344474
107154928
95249313
118159565
73390467
145676721
68388809
90693929
2316003
175788520
73509459
253308680
161208290
116481242
43994990
50337531
113143746
121327541
105644470
144192214
6991613
167478880
152633715
85901191
103359241
185594218
209381956
151783748
104793500
124944154
73509579
196831455
175425286
207481189
109574957
117266879
68962207
119613745
161904477
3146305
165206570
216461773
164755301
166524330
109511111
184099345
120212771
81307618
87129158
173889438
121034100
202622286
193093307
113144339
126869223
120519721
83686636
172962148
121400872
107154392
144279130
96131868
195887201
85905385
73825077
108926792
122182883
123951611
101278726
180931684
24031994
56047755
108477896
191001145
127342611
214588421
100347784
167474657
73785311
75353174
113057011
168271671
98254103
32946841
118156919
187281807
83033717
162156967
113147051
156204743
214618639
192303246
225271151
249243840
198460540
73510793
158101368
214777383
177712922
44877674
103327721
202046604
217781667
218735542
95247279
167172022
66446690
126749128
249305680
101279043
162562886
47663982
149445533
142904264
95247224
192413969
183036428
179167727
106527658
120519664
147217242
35354441
225246751
148637575
125471858
136240916
193055881
184879938
192989850
39148158
195968375
167481020
73512884
178090484
132221898
71095062
50353758
118115791
94564167
144243044
83345218
73436226
99672028
96991475
126868517
113057391
72958242
248204617
152805757
192182785
147836379
162205111
167477549
39367138
155157005
103357244
144476982
196923113
148056485
176936337
144452863
99485258
144453505
79880844
167940084
199048120
126996723
53541853
75799098
183489332
196922380
104067117
73548677
149533358
14849444
207658787
95887277
41267314
48591455
34999291
28640938
180853362
14096953
104174772
174006978
15506115
13707039
68460440
99542802
176935781
99918153
99487561
19842044
20206452
28640971
111069861
99485646
167050484
167049576
15574594
99478524
183490725
5535469
99483586
98625499
16549881
206251759
72864032
51422976
57317574
38923995
