193582810
98737863
102808377
83938736
129355668
250335802
185468034
85558668
169732891
78551282
116639859
173879495
130457426
103887335
204031843
72840086
71173599
176130412
173001935
202403471
128287292
126873809
194025967
194026185
205510720
248982875
143895783
144193312
198327876
143693164
143857943
143752063
143769923
134506593
134513406
127643656
138460613
72874548
107962441
146494344
158154241
5349557
197891974
77670618
16262945
147994593
96987902
93207575
190514986
21602875
140779293
143063357
170782212
150877234
21979190
201873400
119989836
184250522
204437058
119989874
120036437
2000479
119645317
72875215
74892644
173658077
143061372
134270561
92626927
183363632
182131222
181926816
10704938
201914027
197747595
23290446
197418326
82461079
136059937
176062363
141656937
73476296
188993921
82910159
188750888
137997758
157254153
191978811
150882120
82561199
148000042
72747302
205029173
194023145
76659089
25766505
2425903
2345663
1754627
137500423
188996010
108967827
188996884
133900660
41073875
198283086
102753025
151748223
20713094
188017981
176464484
127654215
116878001
102811333
2425897
190464091
103887375
103886626
163570697
143113398
120068067
186554325
127736122
133563907
206522202
121266979
82909182
203228004
116878047
83940654
103887306
98009329
102808321
138932187
143113311
838441
208886805
207755675
186630878
207272415
91590297
127649042
167579466
2000513
178501250
193735483
199519042
127654591
192530273
143861209
141955214
142811426
144193746
174589603
157071767
193395604
74178261
103887386
143687407
73732396
83517104
203023594
174531721
208010252
204883486
140790008
119989770
119926958
87895638
119698947
92625955
92641370
199996197
121328988
92625538
147725099
147725169
117974400
147805918
128275778
213580920
136103213
176903005
121334938
201918472
173661107
119989899
119989762
84203114
112634930
133000671
147952028
106982458
76148242
83939008
123842244
197674278
138206879
152830925
208010238
189491866
249173885
184906437
182297203
107962520
78906767
160779361
78506419
71904233
156431179
174517107
163572486
174511316
72703895
120500032
193597166
190141307
137944866
68677310
189641563
119989852
174375146
153006331
92626681
92622100
183078657
77937086
72703957
176130462
79465900
102808611
197892708
204659913
208022339
161266624
188910547
87973709
129284878
218748167
134503167
143779163
110367006
2000333
106174832
92627210
92626886
92625931
74894587
73360151
74508634
180945977
128732787
143113036
177518000
141656931
116877975
82909268
176057583
120658007
190127545
99845786
73811604
119989716
146388160
253171976
165963286
97729163
197584548
117688421
102809635
83941686
216356940
189182555
120068035
184415074
133000694
839207
15654318
21602898
241819867
204464459
137499373
116497949
120500265
127634706
89058309
143862333
131887001
197543728
95393865
113208962
248919125
162548958
252073513
102949778
119989849
119989775
188714043
74997319
199993286
92625215
92623380
117974654
147725100
137678143
181115355
120036793
84328089
136940226
107554033
91614306
119385227
176130383
176598995
107962317
130832147
176219203
164339215
199681987
31667248
124838963
107962004
102811276
135626167
143112445
204745928
208285686
196156253
127664729
120500124
121970284
137499350
79666249
45842877
68683436
80936204
152851870
119989729
249174082
92628648
201892055
92627240
182297148
169736599
73826702
74893395
84330466
257846857
214490613
77956434
106656082
89113490
144526719
128822004
147799009
196286211
161452225
127737480
96010866
107961953
72751688
144250427
188276185
204669784
143784410
198270971
119989828
120035673
119989834
119989885
119989910
183319240
137678111
75946989
134236378
138211501
116296552
119989796
117975198
137499469
124554217
102808564
163560310
72031934
120500310
143786691
120499964
143709425
142795943
143862283
138206541
116144196
119989797
161956140
120278152
155808882
91612405
197211832
120033571
119989838
74992013
120036523
119989768
104338496
92623821
147725052
145305869
197543859
163561612
197334773
117688337
197211786
120068075
185468143
254081948
72752345
248989406
249570780
185647824
198245843
143911659
253409397
249173905
249174037
201930496
182297150
74881440
92623392
204675517
249173931
194026098
188685114
221254095
202332396
219148826
253409146
143112864
214506976
262424102
85079425
102808536
102809193
143786975
119989737
119989954
119989712
119989686
75946942
83941684
122234561
138668864
147961073
79663293
249173958
92626972
199996669
92640863
92621153
197953429
259478460
163561529
197892738
249568491
262450762
207226313
248978933
248978170
248986401
120500239
127654113
143694370
120499934
