197506301
210141930
210143241
133899602
194585919
92451625
193512235
222718621
2365911
48892061
253666035
8509756
188940898
151611778
142316665
149194219
201565544
158224111
192812132
152560821
126527684
189468917
93887396
50131218
59171527
192952390
215101567
145767662
150165380
210143165
210143299
210142962
207252352
210143182
210143218
142316586
113920153
145767596
113000845
158227339
200002537
138157439
252327919
173429067
154155334
135072262
166502489
133783095
151451447
207043635
147770794
111233440
108914387
106870097
162752314
158708445
52999276
143228153
192643878
151437681
133092111
108996929
165650506
210143192
210142983
139296794
145767598
114852877
145766066
142317038
262456842
186633070
173086408
2607203
97346300
173889129
49869939
206296187
96489793
156299815
156299767
4365305
179774756
8474451
138156883
154155372
158708684
210140697
109569618
210141922
210141498
197973042
140901341
204915927
133811393
209603345
138157662
242106456
242106322
57796165
201292227
156300039
156299957
37033422
113920164
202623847
108996758
207200945
127220892
145490006
145767282
143819614
136616431
97073398
199022177
208772602
216378870
77153818
3664377
108914341
83491565
141906574
143613758
138156868
188560763
145767728
138156762
109568248
210142949
145619893
206873675
140148356
140148454
141906505
140331767
19416864
28908040
190607331
209603094
52418307
100947408
48119879
177535160
20587802
171669943
173429049
177623492
53038145
108914315
156299361
108914347
156299406
190087704
253248042
149687207
214155488
207565791
150003461
109568495
210143216
145766507
210143214
57843514
139987631
172254228
136404949
208527305
97072606
97339479
136795269
135374244
48428410
244168216
221245817
25981864
48756358
156299237
157943535
143614058
173428884
95000810
192246040
168934079
145766514
152636279
214837352
177726976
162521589
204915762
210143196
210143168
154152707
167146203
146380804
204848062
207046585
145766528
36391967
111198888
210143210
253663091
151451642
53699805
153038466
2156185
97103045
163016840
17030028
8048682
