57449729
48459061
205428463
193746104
186253357
121230299
182297764
169452872
259513410
163877752
169136347
171658612
121230950
206128729
41072121
207354905
128699749
98599439
75330748
215893724
57470419
137006426
57759364
53185541
64259511
205434069
206715394
193618633
215217954
121231246
201807281
189867785
225214500
199567563
205428725
250073130
48128099
87452655
52215988
51655424
32638474
217479945
46909273
51654719
57449663
48135836
170405352
121229782
171661221
121230797
205539329
86533353
156175128
172482298
253127031
181144691
129521253
217479778
197528947
146380209
151429301
205074962
249224326
48122917
25982512
172482887
76207272
219133294
143140463
248694911
201630555
194395771
57759200
205726660
121230321
121230880
206502305
121231460
48457673
86866060
250806168
176064266
57449329
32654776
240645124
129589443
121231368
229780344
51063698
32629764
130472928
136871341
52432304
87931090
205539397
38607244
235885552
121230964
36760211
30934790
169898227
129488811
148077998
169338692
144399696
48452553
29025539
128823036
29472364
205059600
65123158
151438519
6633531
121231216
121231203
248775152
121230097
178010725
236047150
169500185
48458928
208210914
199601820
169340467
143140344
48439374
242230745
219156257
163877747
176064227
151425695
137017730
201508951
48518794
100301086
217707017
220656449
252682078
98071131
207862730
53468095
207854659
172485686
206490908
38838654
248619472
147962034
195150058
144382245
147962061
208678249
249268297
217479938
136853802
225936089
107455035
29621482
143016666
213522023
100301849
253619683
217826661
36756788
32615725
146493747
199566761
242710776
172483155
169453008
170386590
121231136
249005661
215485875
171661391
171668125
25982278
121230936
121229766
189867776
198886907
213008477
53185705
87451353
32592987
52582324
205539057
57471176
44744886
48518834
149517430
205726642
170422511
247266677
205058648
205540628
217890337
196049242
48546739
130457965
134333348
142368293
48135743
148077568
143119060
129599162
147962081
48122893
51284550
65118474
38838596
57470021
130776903
205539801
131590262
57450246
132340002
46261905
132339718
217720165
128657510
36760019
205539357
57160967
48399517
121231140
263098927
243300900
169135842
121231506
121230890
144358632
171668712
202962208
202762599
202525985
169456409
121229819
121230364
193742999
170655642
205072988
144358609
170628950
143118224
207046762
51654240
88270371
29610832
118089674
207168210
144393268
52374582
32409483
57759299
32593184
53185626
229714566
217479270
57471358
48516548
36715273
48450512
205428006
221275922
137006774
57162621
48459049
48459761
48401145
164431673
46262089
57450479
128674432
250020588
205073618
147570502
121229846
121231016
121230282
205243988
57449752
170628518
169459383
160170073
121231475
170654356
139030792
121230319
121230338
121230310
159973334
29405973
196049742
213887412
32225934
171667802
121231268
121231509
121231002
205071017
121230982
262812100
212110931
25983846
197687804
214842631
142368982
189867528
163543828
57929760
130775943
188075818
165723353
46906926
52369571
225271335
137005282
206123411
57471112
125739693
38839402
75330536
253305397
152446156
160406981
205069490
121231096
121230821
205073165
121231251
205254891
172482996
32226011
121231054
206131495
121230945
6633599
127120684
144123248
196175284
208198221
215893744
143140061
214604899
48128043
65117413
46212488
166448978
52376930
57471135
128664691
217479507
63582832
48518900
63578871
209602984
46261466
206491125
121231519
121230955
121230115
121229858
170628867
121230791
163825372
212462928
178894901
217516870
217777435
144400304
142239185
214604234
25983123
121231499
121230819
170383566
169457282
169456787
172483762
193094989
197687802
192952261
25986092
25982162
29401891
213788731
121231197
198541758
121231157
121231056
121231108
202762419
142230368
225969814
207870511
159770902
229721841
152464722
52327370
48450167
48477059
98070936
143139533
46907027
143779287
128664450
128706695
100306547
130772857
187782734
130743730
161225900
136851292
130774799
165723219
100300953
136952650
225940861
223669413
217479632
63576491
38603818
46261970
53185654
57759256
129575460
30950442
4365307
112976275
46213160
51284573
48458794
54460620
57449675
48135694
53185906
38838965
32673538
181219984
219133370
48458877
227864193
130457321
36715229
146035446
53184910
48565918
30956685
213560208
147877845
129586479
52378005
112976264
57759332
46910526
3766335
52380784
53185160
132304687
52376490
38839437
63588595
32427548
36760094
199566892
172372660
205540712
205539483
32410614
48477016
146492539
46907658
46262136
89853978
242304434
207512600
242244974
170399799
169415747
169136462
193615907
152446257
121231234
121229613
160846677
121229832
121231134
202404467
169457733
193746712
172997781
215485869
171670468
179805831
25988101
248767348
121230533
121230539
225967254
205726676
121230807
121229852
172483642
163878369
121230913
121230790
144358593
121231373
158774693
121231254
121230910
121230898
205246573
202642848
242206970
205726643
163567453
206131583
94674232
170640147
171658642
31519871
203184141
215485877
215485883
193615359
121231515
121230872
121231032
121231102
54781635
144358709
263034195
121230968
242203766
121230716
121230346
38839115
163875866
75331180
35177099
203184169
181183575
107454959
144400395
143114364
103343494
253331582
151432352
134332814
134326075
130773652
100301300
136941037
207885423
205541195
187810153
214842633
143139791
187821894
96658808
121230759
170423695
205069674
121231431
121230347
121230589
48458959
220656840
48524050
262792599
161226135
138442072
143053900
6633563
207048335
207819052
48477046
132352687
143019111
130772708
128824741
144381738
217103656
217778280
128821238
75327970
98597931
57216188
51654187
57216165
48374467
130062088
48135998
207817318
223811647
128710123
130774373
151438762
160746393
130468194
217523660
217778099
65115753
57469786
128822954
137014250
47868786
57471152
63585019
30956430
57164735
57471165
57449809
57470752
253619579
207772652
48516664
192196496
144197669
32652715
170714754
53185524
48459822
153898854
57759360
53184770
57449430
53184944
57449691
57450312
38605480
207816910
205539720
121230435
169459356
121230773
193617287
121231530
163875840
121230429
31519911
171659128
169451134
252540031
121229845
193742901
149536995
94674262
121230768
121229686
121230608
170612945
170385949
121231086
121230432
178010721
