6783023
94322367
635019
16187809
110979170
48844594
33017116
8420079
88236699
58138653
7025003
158349323
147424306
3594581
43125136
19447584
48607726
23480644
484352
110578407
50263976
694846
48835344
2352205
657119
52883214
42876011
766044
82087632
205223821
14237661
11713695
57646637
14301307
14379218
36413627
15365375
2338521
177545803
41169033
48847343
38215471
44090019
9727810
78491142
23419745
8900866
98165293
38456696
66612976
2471133
66712765
19700055
11897663
117071152
47819700
77154031
84451306
84451999
7301731
15317790
192548991
114840123
91419385
91419637
12379801
247300780
115824859
7299733
469009
141531143
128635800
214782872
215532537
214773673
114856663
192553689
146229471
72290385
178331272
75434284
3594655
8710465
12053025
16419920
117323935
11797502
9796321
7816448
17586112
11718557
35448090
8557379
11872521
511911
484056
11872478
1409293
11873538
154400947
31998539
40617519
11872468
3554843
105801253
155098017
105801206
54389084
54389507
84738425
84738616
54389035
54389485
14674861
54388994
54389068
105801293
105801272
105801299
155098039
155098019
54389538
20102679
155098087
105801261
67139804
66536320
64029919
186211099
176535360
64011374
200649571
190081035
63683449
84738536
84738446
3048719
190355385
198245682
1040790
84738421
200765161
84738453
163297665
163297661
200765163
68978944
35816389
11446565
73652792
36575394
110979580
110979077
81408261
7045845
11588140
1038370
145413827
3594571
9957540
16760320
82503095
17948652
35477433
11999384
8545535
11872463
458748
1692245
14301325
67577160
68206167
77741604
97318751
7916162
186211518
200765131
200765195
20076069
54388987
54388983
54389087
19986575
54389021
19986559
155098054
105801205
54389513
20076149
105801243
105801229
105801320
105801200
66852480
105801316
3052193
84738399
84738427
3056165
84738519
216210531
84738379
84738393
84738435
249777990
64008050
63871576
107708770
214921285
82036575
63845083
84738517
16593256
71909255
175439144
54389000
176544558
7561089
48892627
1409333
110979514
11345635
145499626
48863432
147995401
48835208
13959574
648436
3059101
58563293
2005935
648939
459051
82664132
10564183
648463
458307
6783069
11590729
11595355
48882806
5981933
202422537
146266943
147020718
244177919
7586375
133831964
1692209
110979239
191925780
694842
1692745
48882151
163574119
52105894
1385529
1040846
2157779
9498897
52199062
77662738
68303841
15363455
42683877
5046101
10690026
37938472
110979621
147982644
148811354
14424424
77154323
8947568
8644965
45405063
116140898
146250806
205829841
2642429
146383430
11872470
11856505
7168789
67954000
13368432
48885297
110979166
31822630
16684838
44198678
56362073
145752830
11237647
193178278
14371622
48607361
52129319
14457971
110978932
27827114
15159173
110978881
458616
3085417
48838553
243051591
890607
183488818
202422531
1692217
49870397
180992822
3633249
243044566
19844206
14458076
117070176
14519045
14502824
95056461
3594577
9872249
9219371
2095411
150704941
15464234
15317506
77777300
115825127
205829786
50354737
261113546
8145660
35453289
82503444
75725526
108912080
16452254
12064208
91440691
11872486
8061561
1409309
458774
233546880
13368508
75434316
46692075
1038362
28582109
20804956
67595000
3554845
3594561
12076876
9926102
2643395
193160084
13105287
200646603
84738463
84738441
54389116
19961166
20076125
54389072
54388992
54389477
105801263
155098030
155098049
19986581
54389097
20102691
54389093
155098075
155098067
155098023
155098021
155098044
155098041
155098095
155098093
105801257
249777871
66536714
3199427
163297637
66581418
84738415
249777904
249777914
200649530
30675849
176262980
81504333
242168401
484026
14352708
48885611
657039
112694972
110979382
11597659
890623
84717550
110979349
1409329
110979307
48841589
19939715
48884043
97098897
484021
36753522
36413244
73653076
1692271
110979536
10713062
11453358
10373619
63271802
68206160
68206175
3594545
68206180
12635218
3594667
1342303
1012064
469032
57662211
16419994
920450
20102693
20076109
14659502
200765181
84738495
84738449
82074099
84738417
72007915
191420744
66344946
15362333
67171207
190106162
200765133
199973849
54389052
84738439
84738479
84738501
3046933
84738383
3048645
186216038
194421102
155098079
105801259
105801231
105801308
105801227
105801279
155098105
155098043
155098080
155098025
20076131
54388996
155098057
155098071
155098069
105801255
105801198
163297645
249777948
249777972
249777974
44826452
163297677
14800326
49115960
110978830
1323379
14352546
12127431
2185583
657046
48893754
135450201
48839633
110979061
48622960
1692225
484353
43859789
110978935
16187911
10776175
15362805
48859416
15373470
14372287
11375466
110979013
48884299
252661492
252661689
213491573
210126166
210126077
260811878
260811856
210126246
248808000
107708790
213491607
213491531
260811860
210126186
260811884
217527771
192393438
213491527
251096216
213491593
205045567
213491617
213491529
205757079
253152848
260811888
252661488
213491603
205046351
210126117
203468586
252179287
262720898
253152860
76269222
76268870
208771123
210126230
102084280
192396293
205854961
107708820
63669562
51541167
38439094
15395533
213491637
178506977
74369483
73652331
210126137
210126161
169581058
152803461
205606326
154988065
81363702
113068390
32990352
13894464
57667074
173426076
124413153
79837599
13461059
72735079
3917991
63652903
130392635
185946026
107708856
182091651
107708743
102070554
30686507
179774913
57665760
10776084
73652466
213491642
59163993
138357302
1046624
204872892
203922870
183701083
76124199
51488731
201055991
162571934
102084383
130392957
187314608
107708842
107708747
107708829
103824872
20036095
107708947
41399891
41380355
107708760
107708937
51525853
76268877
45024004
45109339
45150422
68366743
107708890
107708754
66113130
36319552
14439694
14423391
10565784
38081079
175161473
210126200
76475736
116985540
175464779
175436928
32989072
147108679
13295740
154988279
201062365
74829961
252661775
183701079
79633959
86167013
146939331
205850364
252644402
107708857
102084232
130392870
28080725
45022944
213491495
12199431
137860398
32995370
184762661
207983002
82174090
12275389
51096389
178507214
34256260
88248952
157713882
173426063
50045215
52260893
205840914
209411928
7024991
107708923
38303791
12201013
14439656
79172150
205581795
180528308
51523715
