68958945
31375190
98032983
180750284
190792347
121290820
192140099
130417843
121770307
117900810
181980723
138491722
130421235
144183067
68660501
14451604
123146610
174931542
23330236
154696104
12354481
101840980
190372814
152042074
119334800
208172422
251296030
183337184
230222541
136625516
95940589
74176937
126340394
55099662
251259348
249144648
205729144
249849624
249387027
259654989
41212020
118589417
137666666
244170094
16391097
111643249
167631190
137155783
149412240
78895140
206501150
217176698
251385334
193715588
253541664
87564807
125605261
106634890
177315352
81188014
124903468
130866241
127459332
144957578
138491746
78893659
68644115
56650855
91165108
125355256
127584821
225209004
252603395
249602790
112707526
78894806
203464891
127013908
121279882
249220996
48384550
217176625
128282043
49603176
198927719
98772287
215901209
126279826
151489430
146458748
125500460
248247620
121763215
14914227
49289675
76544444
56266412
89501043
172908218
172908437
199916284
195028557
154367170
164550791
253115943
248536993
87565064
123147379
190460847
87552515
94876700
30732799
190439842
199050156
199541368
105306631
81521377
114434249
71904104
16718520
191506467
121759344
92517906
198529020
177297545
155789100
123146743
112604430
217383982
190364379
152101461
173886421
160172908
74490705
80975736
195865753
164549480
235854464
139060303
249532433
192276448
46581583
168842320
111643395
125605109
91160684
185949028
143767031
165883613
93315500
184824513
69078474
125911950
154206402
167190257
129738265
247007301
123148101
32519028
91404393
70818826
104931093
206489942
112707150
176211928
249258704
196761194
185310825
193425872
217176853
98072030
78623821
157518919
180996221
82219668
121287776
121281050
190589063
33257846
67201617
10197825
50335963
125910056
73258306
70283552
36871605
129543119
137155563
12220002
84287748
51477300
130141713
14914720
168090918
221288581
68958428
46467725
53627975
191982375
126953695
168842344
71926051
183045562
206483854
80977315
172023353
155790650
112706669
125499760
94199034
12489924
193590037
151521339
54695551
168529329
78624031
90461498
103544264
174550813
157814151
109083850
186587646
172910802
195028019
105307355
154898340
13725232
14505711
100271730
144925241
74574636
192217099
82743068
167853717
4316305
174379565
127014223
194961432
199539045
137804168
121286498
196291209
186369881
74388495
118100069
190405564
68959049
230126626
146575058
13970404
108099945
111036145
68960689
87896083
87954806
109409403
116018969
174379591
90655504
146580528
82219719
83778848
190118724
136029380
136091271
113786376
168349963
175986292
181419452
59553022
193886657
86999979
207283136
200713811
175787725
173347036
82642292
83160308
149521381
151556374
184241646
102581951
78971087
158141056
113785888
195958547
48263754
97537435
90476087
134388787
135217055
169709856
198883836
189699954
253358109
53143383
125279902
179237389
70623764
10590158
197692663
103106396
78958822
196184762
247841502
198120977
121305063
169707270
198198041
247342539
141101634
147123018
58055703
242196257
144629175
252004424
184773980
70087249
187826936
50451978
173421697
137150822
105949794
73494403
70307205
110202410
189528669
199045206
177704099
90476150
165236773
149211605
247884838
103918488
262736712
124748963
13722214
21265392
144629276
21286817
93086317
198120225
109487589
176266695
144629584
174023622
147446614
125874869
248605669
83395649
169708223
105673892
27808122
214691297
72642023
102096536
247842276
144629381
113174665
178226684
115769229
169707275
200716642
105327414
137669443
9016172
70233406
100745930
125021738
113785974
152741099
147796117
203861228
74915788
48783585
162163430
184124043
184124087
251267577
131305165
214594029
72865725
149211420
191366011
251262799
166463225
144629513
176402721
135524628
110202630
253067244
13751343
162351244
195217901
133166638
136839447
176752079
58034317
105138611
137668282
52303452
57455037
125355196
193647756
253096805
113046240
184242779
171323268
127617253
215388981
183555270
162599752
196184298
83158982
191630791
162025473
160264804
206180816
247821647
74913155
114678214
144629514
50107542
104703637
171323301
175986418
177315236
185797005
253069350
247377611
179148155
163562930
107326821
106453256
179151013
46695130
35367361
126243655
97820472
118125842
230242081
230200972
174426314
144629406
55469038
14837995
74829876
113786354
137916735
199910659
189582685
86773028
179211210
197263848
207236354
147914541
225938017
127994936
159523919
200727498
114442659
101279208
10173442
105653792
200732562
142313141
172173749
182783515
82645390
83158076
76686139
185333070
190322085
41220264
177750493
169707700
192356116
174234371
23520740
178034890
210943226
48970691
54751321
178216977
170776422
105326930
125736821
115467346
126210020
184847377
110202080
129823337
83395210
195938249
196942751
76547048
55516026
198791820
138011946
181186381
72181681
208172386
210145437
203872022
151589094
215594703
168370057
137384843
169713064
178227689
104166083
200728436
105326861
214759635
12020774
139622764
130621850
111550032
177727694
177747251
177748988
179439189
111709178
110688942
215389532
185006162
35964489
132326028
178069819
164221983
189692455
48875997
163564996
241908198
5552593
162041528
213890196
183271086
47199203
262887112
42462748
205692971
21753427
177998889
251401606
262504400
56716261
153499320
159523477
159523297
176849382
192230337
124485082
160801668
178101111
83159346
56737239
90061617
