109358390
126509421
180567944
179773114
17486165
196522736
157825676
104665279
109980005
68565049
179773036
174933306
24544128
103319372
85190132
96397843
89667278
172483932
95864652
80700822
124038723
106658668
179773033
173321278
96846106
113256347
157025006
177190013
36427616
8317333
149521246
252839871
174824211
25472789
207774290
208137752
195866438
180568151
109244017
179773008
118162099
110900755
140970770
3632537
171938955
85190129
90194535
118152547
95703976
85011878
165866461
179772636
168799728
168365028
126508449
165236248
169314156
105532071
104104954
155190908
135459676
167607758
75990348
127340982
124239786
96847738
27937044
149653110
124903459
3632553
2813033
2812751
196673843
180567553
180567369
180604189
138904942
182803587
180568083
180567855
180567483
180567482
179772570
180567515
180568028
180567500
180568129
180604203
180568138
180567324
179773122
180604592
180567469
180568072
180568133
179772787
180567447
180568068
165120052
180567288
179772529
262074128
90864114
257857756
249154166
262056687
207294215
179773263
179773083
180567903
180567864
180567930
180568127
179772929
179773157
180567995
179773320
248553243
198326990
198327271
180604208
179772509
180567866
261996532
196331720
187825246
252840031
252093829
73833080
178227974
180567527
17473331
179772829
180568122
180567406
180568036
178226921
3224661
180567428
146502160
68962636
131020623
157637574
178227552
178226760
180568041
96846142
180567950
17492278
68542194
118159799
124038670
119420127
81810907
180567401
73265623
109416059
85190656
179773002
71369035
91876111
184763085
125782266
84764857
179772774
180567548
180568007
180567327
180567311
179773289
180567510
180567382
180567880
180568154
180567868
146714483
180567906
180567490
184762729
252054693
207294069
196327164
179772709
179773097
174299035
180567416
179773158
179773112
180567854
180568015
180567561
180567343
180568063
180568088
203923326
90730126
187825792
197973721
252839970
252839932
177188121
179772719
179773139
180568103
180567362
180568056
179772807
180567338
180568143
180567383
179772945
179773128
180568023
150286978
249943334
248592971
263494274
201678980
183116037
28248972
248128009
206203355
180567330
179772631
180568048
180604223
179772935
180567464
180567992
180567558
180568030
180567319
179773273
73833028
104664376
179772838
179772661
179772981
180567333
180568078
180567475
178227759
180567501
180568148
84764938
104666792
214702561
89656081
203397096
252839958
252839969
252839891
249942680
249154130
253350103
194826775
3632545
179773239
179773212
180567951
180567925
179773252
179772743
180567884
180567306
179773151
180567418
180567367
180567495
179773030
180567937
179773068
180567522
198736640
179773060
180568016
180568093
180567451
180604562
179772752
180568052
180567537
180567357
14837823
235857866
195455665
146593906
160797115
194810083
59538632
174540016
198895069
198895233
250465347
183336059
253188953
155798070
165242923
186121078
104706726
205605069
146594339
54822433
195454871
193624300
58579801
146595175
219134910
72864365
189655844
50246710
205605815
164010778
189652520
192578010
25660137
189651778
200729921
135514481
107541361
181682944
247007986
54817437
68776021
209882294
244301618
249576412
118027805
191547328
185350781
173354846
137244760
171759522
134887154
253090279
242763054
157446731
10173253
252725448
161410494
179152944
166625863
193366721
114291933
146594300
113414031
167121062
38330945
48708514
219140342
82948034
207037839
230225816
139730808
144044697
195455425
249372804
33608366
164287427
192340223
182486780
189251147
198792357
58562009
144140020
203869724
196898280
165242844
162616890
10826325
185347673
165758126
219140050
166008013
201051715
76473822
