102093871
8348621
176383000
178482344
178482358
141539046
106053748
173815361
139244299
196455865
134382073
169347864
195450581
185466235
185466079
85264394
105532349
113417921
173814940
174842793
112652342
178584553
178585553
146510626
196067336
135078491
127661141
154191095
106239463
141099733
10317350
83517431
141108239
143925983
92489513
121688380
157412720
176416906
176416132
144473742
176310639
182710368
141283122
182710870
68489487
68489070
173626946
151844082
162838300
115885676
253781839
193370463
199644967
193367622
193367544
243183226
178584666
176416994
176417082
176405319
176310601
217452790
176405498
171292768
137667166
191126822
186352463
191126658
162032643
203402872
108997676
196189424
166412588
174296991
187511415
195708433
176417369
74219693
185465494
114335355
162866541
67171220
138065068
109843379
113051421
144238561
182587781
193370700
72852586
69030120
145977787
55167034
107761006
118588361
112645094
174842685
176292633
132255250
176292381
182587803
176405344
183915186
153471550
108997620
140865482
68579706
121699361
168934161
179932210
135001005
149189114
109359589
193367894
176402890
118588657
176405259
114055855
126118590
196070540
195453922
94334742
26701764
146505047
33793175
196455942
217510820
216124250
200998874
197293503
195454145
127351946
262779210
193370488
252097868
262690519
204335285
224818040
195708648
203455758
177996222
177996481
197595891
169348145
195708348
198978855
193180775
242702724
195708338
202622024
183914899
178585356
134384660
83047528
117082630
113410005
95059798
116343027
134388760
138559235
184518372
149661885
74343653
193078118
125413173
114415796
190794005
157414340
109359500
112653295
118590575
158473498
130357501
109113929
94023973
173521278
173521086
151434507
108645358
198523451
169348818
127250718
136959682
165044207
111949288
137666634
105026068
2813275
117081722
124772931
102523040
127352743
112655004
156936468
98156165
104511290
104510514
198955368
178577695
109135294
118243724
128866792
144473774
114056070
169347785
174294057
192947049
129869357
201889243
183079540
112653828
156936447
81786415
148550827
124538183
168274026
117084525
153379046
87217321
104958518
87249582
174295722
212212270
157414765
172942921
125732624
134388442
140150571
109846309
140179991
130083891
127352849
166412261
172942875
249964437
156936137
106987636
89628836
118589114
197966557
98827238
112650880
150565347
198542937
144131924
137669523
151842341
189653231
96516090
149198597
144127827
147743660
126343108
149198563
98156884
130655678
183920436
142716860
114430131
107336152
156936467
185466103
89560761
145029286
175990972
137669433
149662211
172942895
85372887
188783743
195229343
249085294
164076894
98553351
137668175
164336114
135271079
191125065
134389589
165927794
172942905
104708591
108997550
134387160
109413403
174842721
2852105
155153670
156936194
137669848
174295125
117084484
194127646
85373018
137669837
186285172
127360194
147442782
174295137
103104735
176418113
76085519
202339420
136959562
183079215
87220036
191125048
194770064
96514744
127358330
129869141
105213200
181806556
135272346
87103502
191521086
183079471
121446247
90584787
117081596
117170811
149198565
103310319
96384817
193147083
103742356
114329533
167617860
112138820
83857439
141536976
149198587
113412871
111377482
169349055
171510866
125638124
98554061
98553107
128466711
162030210
90688888
146504942
126210042
149198588
137669673
181804971
181806829
193439390
190321102
126341029
101811054
145029566
122759589
117082036
151843771
73160896
130671313
182587397
169348581
169348157
181794183
140180726
104955082
182842965
178577333
158672323
124065506
87241977
174842822
110849878
157414526
178577626
174295194
197798719
170124687
140179846
114055889
127352015
135724293
141287802
130565408
103106432
98157598
94023993
125172290
79724249
83857487
179930820
195748636
173521110
175199054
180991703
137668283
75577633
151843131
113064893
104513596
181781921
181899892
117083020
91754307
189564855
126127100
107335983
147981905
142717491
179780675
96418173
111035096
142838402
140175936
162032677
137668063
134386987
101251863
134389970
174295938
109409726
114318052
126341118
198308847
167619925
167616361
195229286
121737542
151844960
68657474
98154413
97923896
129587390
91635498
74821140
155234561
171511880
84471936
173521115
177975674
141585112
252847881
90689749
178584799
127351728
162030520
149189616
162030206
162030528
95917818
101587396
91250119
181774170
117082949
176405446
169347974
137668239
104105284
191127441
120145678
129390865
184518358
174842614
107761021
174295114
153375987
182147976
198544028
140458831
83517534
198543047
127352217
126131483
126131420
171510851
103105628
125638108
156936165
103105011
174295789
127352157
190229201
174842684
138491127
168577588
83924275
84749548
184518344
134388606
137666391
140932635
104104953
148613727
114415794
192729116
182147939
206284610
145093151
198542775
129394024
173585685
193263941
109412344
176399103
156189014
198956731
91753534
141286084
191124708
145255690
107336231
85666035
94035403
158473359
134389169
132999987
167645542
153949806
124431698
112656076
112140524
178577201
174842624
142718286
113410369
149934741
162030200
87217506
188191542
168577513
141284892
87219451
95059772
171897904
134388865
70156628
146503955
128865925
182144040
104515079
178578022
176400097
177702710
126210129
141272724
108364767
114336059
151844279
131960234
171731369
151576220
112793662
