185147068
74594061
191770596
122938271
200686848
190808907
180867171
99551255
203196765
184762962
168923242
123929975
99541614
111069800
173321316
184079389
105990284
134888129
57759426
169816994
125890223
29784682
99550059
155193658
125832351
144407630
68400582
52616238
108099132
136677648
20239295
205492086
191775021
180867332
174596410
179556421
35188454
108716118
203070451
129695218
94567439
155190780
127994918
200731434
167583123
92557035
73171944
116003432
196067389
138907836
93598075
124556943
93599342
194324530
93055611
215116836
48214471
176264198
146782737
94569616
93603386
131417834
101533509
114379936
86077022
116003282
253546976
95706409
93597905
15908553
69032488
54825044
192862109
69032486
104175740
104165717
81874546
76148655
83604940
43127679
3773055
58332156
134665673
226043710
74342823
201243242
110736226
122348725
195619985
179437548
78950950
83423415
197974849
148073722
126997179
121285124
202507697
69287207
76539253
17463206
95701550
46881948
95766423
103984466
214231573
95704905
157499492
173321584
150957056
83022368
149465684
123930040
136624373
85190184
69068609
77106327
129403842
134616162
124323153
104665506
175655675
217357339
192894061
57123891
174537448
91437447
139106489
55668011
196052695
177968797
149092279
187826262
221287955
122301614
95701109
44855530
155179369
19403416
121598167
93048143
85190616
123147814
178227693
145702033
73597819
155193225
102900046
54362225
103281977
68959533
249944992
155790120
90194070
97941406
100372519
156710916
174295159
167854120
107637298
51741692
73744753
207037780
191690960
140822487
84765865
50707920
118588498
128876812
46343184
98959205
90062269
141328418
186647601
52232314
185004732
45801842
155179811
146778885
114056176
94565135
104665328
117242492
155193116
201928523
207038812
168653687
55622081
19383252
56258650
94157572
194327313
125285427
179788981
99480173
56549704
158671523
161889017
98959749
191268414
80065736
72794628
18006721
104665555
131418633
41209986
52505125
155259832
194784435
205605123
192801524
158757332
86378170
76542035
91167275
158658426
94563172
101191271
205604407
204008220
167853360
194325563
146487158
91162662
167655322
150956948
143828111
167851038
185466207
93962100
202014705
114822198
221040733
55622433
185333120
175787983
104175551
190298427
118554080
50360552
151556189
249151321
186862761
155269197
160747495
138608648
247938027
176254334
176267350
59525394
81773364
142811982
106082601
67282015
47405334
158641066
205081083
132815023
122301150
262022585
70770342
175544837
142782782
185712960
195134070
176266618
112203991
129404770
80176480
111642798
185760325
55096632
55668738
58673239
197315182
177188205
94568096
177188634
152874868
44156755
193242477
179942039
101869704
145629590
98961501
142672613
143828905
54362300
109837281
172669540
73833045
37967456
155192336
94564339
97595018
118164907
140426535
193738330
67035109
51046949
248068721
175789456
104846968
199899735
143157884
143157931
175785861
106602272
172542272
87714720
124328710
174622042
129260183
183752402
32931270
190337601
20245824
112863736
195453999
90657285
116110980
160516662
149464301
108716053
103875214
93601827
94561955
102956707
105533411
104177930
168350994
54362756
146773067
196327443
99480861
241756834
118947155
117042606
229715780
191575032
170440402
196800652
122351254
195229314
125913056
123930099
155179630
100366162
100151153
91164206
89991266
101542905
108428563
108889476
136624895
148639649
68197321
86306234
192848599
249243763
155313047
201436675
91171456
202224525
102832765
84842952
98875198
94566556
19403410
56239493
86076272
166429749
108190068
158640971
249152881
199900145
185310869
190605477
67474705
125803094
85006491
85190482
94566437
129628985
57959940
169777481
113065078
175792733
38240941
117083912
167236094
185004828
199899226
77729866
213952208
249227889
108074190
94567457
175788248
19403400
124067083
181713432
12648436
177170487
208571209
174400247
155183131
76247892
184115332
116021731
179942209
162405131
185333328
194327710
80159005
51046273
103894219
51104109
56961144
62692809
52233511
25410433
48314679
175655510
187826102
220666635
67034240
263036812
136625627
133165885
139107262
94098934
129402758
68958448
67279949
257682798
191057001
56028835
143158069
209403056
10020956
190589224
67474247
111084930
102856699
117090653
17936478
104665024
88191960
109932849
177170973
112203793
93599153
207039756
59533945
41205484
67484387
136625801
168525628
99484019
195148769
86076375
80396170
51267735
11448797
248597866
72623731
55584735
116039307
113786381
189642264
177200529
84765176
122260252
123146581
193243039
195886637
144453337
67282897
157635412
115133234
112742257
111621623
111860544
134773996
168711415
19403420
59522759
103508708
160517452
194585112
213889737
107336186
91171358
56430986
73488146
157633573
53257942
125835554
108430371
173711946
19403426
74970100
124328688
36292987
111749121
163574826
181901185
26087069
192356815
197134226
105793855
136933925
121482810
202222517
179941778
111039347
175786027
58908989
139207453
129260301
145790546
166429682
