155180300
101536968
99487963
116999744
169347414
99480543
56549706
156710925
20244401
101190015
177187018
186350272
125777379
108507086
198544581
14875107
54421017
101537092
75617955
177189000
183031771
123929983
113887948
183750269
176634838
116996957
67165354
182604304
175546495
150311626
155192496
143828144
102869000
208075559
179942506
193243300
123930147
126039697
93599975
19403424
196993356
98911709
208055081
110898364
111748618
177188953
167655288
134245342
94635375
162126311
104665627
129405199
169515454
94566546
127356488
108716170
96747788
86076440
154097861
101835963
98277692
123930100
195961342
37678844
54814881
44054364
73113603
85007994
53513980
181915362
15306283
208173526
97999062
104167671
56001759
111552627
91042960
12508412
68958630
83604392
83605581
189641346
14700082
41613286
216114307
229715668
168503126
100905311
199900284
118195294
122240534
179154933
172471691
176885835
197974448
191374166
55572879
68918015
101748750
198309063
192801559
102861927
102824977
108423263
125830786
104664708
92061385
113887867
94571889
155183651
59299087
90062725
157635445
155192550
115132083
134244746
149414751
67473147
82380464
66920827
73113258
193773464
48323122
111749089
74890491
104163553
104165341
104168446
130867796
196324963
199646378
19900506
186862741
186862732
197973641
191690756
175655968
171715855
73654251
198351000
188059035
192839125
40360450
195229181
113260709
137971644
93603320
115441000
124329410
111084700
173068172
103264080
177189511
125888777
114877422
155179641
177200663
170880758
125911844
86533514
59538698
177170505
196993298
19403418
104664941
94562739
19403406
51661424
72101660
174848785
85764620
171516114
57752825
149244609
176402745
155190693
103982701
109836230
67281650
46343706
136012291
189366233
195301257
108890052
116004917
152874370
139207227
126243268
117406789
101536430
177188783
101870537
192460745
85448189
102853273
125911908
136624420
67281738
126040698
144629384
51904201
157636313
154859648
50468953
105309188
176800895
40625749
57080229
13145111
44888821
74969954
128310357
109933322
114846317
130867318
48693429
93599163
98277673
48087884
192121329
56550898
48314146
67473877
132370815
68006451
84445242
91249737
8887383
190540289
229721184
180867600
126997780
159827618
189574714
229715847
192358194
197971683
112078714
55669536
203207865
140212884
191770988
192850964
181991779
197971252
258440282
260844997
177188184
177190031
49175632
139207561
103435424
89698841
140217835
190239315
129401687
138890418
58981404
105327101
116111176
125910934
93597749
137220604
105307709
139207332
155182989
136624333
136933712
149414620
109836600
202222751
67473627
113161176
174823278
93597794
177201677
50297444
143828173
86376944
109932493
99480644
86076323
177202039
185903372
191436035
93044992
142813077
110787618
85007029
67512655
89648642
80636384
80397476
16255347
136143091
108083301
94104798
175785897
103977262
116803708
248069198
185004708
55668532
139602344
108507753
55698365
185004672
169707268
143165049
82436606
48157095
170132946
174893479
72800659
194004522
79722424
133893536
81932390
118219092
66688656
213495393
49196976
247811958
50193249
168357737
101533801
157636835
49062973
50016682
247722972
49457747
24495169
196184510
17676766
74485557
57709148
146695261
212037781
173067366
93700643
14838656
153765116
191680185
194784537
170287941
48098406
112736494
207942522
10281809
149211291
190118591
13295096
172497904
68679765
192425545
192669699
205825783
113458880
53252074
249152070
198968005
121261025
116997131
195708657
193620391
158473719
71939761
67861759
48887149
192427147
135516428
182546449
227089147
196922797
177189796
56884944
117482507
154203485
24495159
42704029
160330875
21153045
115290278
25140985
110900830
185226364
153765098
142756451
177189080
106747223
67281537
143166373
141323596
76206708
36629143
58259963
157826519
6495675
83159474
199706012
184248464
242084400
242083832
171069664
184253431
68496202
212111924
51101636
71980545
175793629
203196788
82434563
42971007
182550814
190808249
176644966
14788431
10585287
192800671
89347341
151438194
253096161
149567225
146695648
20161951
116004653
145576016
168312207
50691053
199706254
208652809
177189769
93597558
185718580
116350663
101189666
142366703
114653063
114653838
176644824
58935785
58943812
149567268
262523205
196888619
107350905
94636082
103875212
17466029
24495157
125454624
53763624
127994958
129403178
206304788
19691587
124863001
159245151
157636167
175788005
168354094
155181026
176057163
85190343
143827192
31684267
136838867
127594899
51712714
24495163
43129259
174922050
180249231
157637965
126896606
207278213
93048076
103436598
10585376
49000658
190081109
253254018
174003122
242083318
116004252
253175899
8891364
194394382
155012353
41949725
10651143
129402461
46308423
85307831
113313142
198958734
68046455
207942647
192850494
174833438
27771953
181690273
175789951
161426457
110787221
103986667
194834423
49031919
68680419
189376900
90642597
52421625
157635486
175791079
209606891
94635366
59519679
48157034
210944171
114442016
49740995
249250283
109816904
24495173
13850480
24495151
181915593
10682968
52324827
6523233
153360015
201000191
192850314
21745743
197974154
180042318
190355034
203288291
85189798
194833616
154716444
174622219
176681279
101531583
84766263
25277994
92478947
85666041
178226696
25889198
9557969
59288674
165902658
249248411
46581696
117927674
32574880
229750517
187825350
97991189
173698282
175812899
163564333
166007714
197974597
207942390
5789017
48217090
51351915
157636678
30921518
177189876
57713212
154203397
57713330
