259479966
101939056
119320450
108676068
216357486
215160449
192920471
263278028
14582911
154900217
182605576
117184723
67901730
202225016
150611318
180893511
63081140
12193323
181422904
67903095
177785009
206460266
143666524
147446655
177712787
140463745
15054579
131124192
172481768
181785778
41264466
140465691
133082212
158664731
192693031
192132952
133081963
180402927
76500592
202153547
54817629
144955624
180899213
140462351
111586724
247342683
75554659
135075286
74256054
106886320
198380016
164584229
109347254
248252115
102379729
155237081
247333587
147445019
184594548
111586161
43012299
147444501
140180071
15054192
111710721
168809982
147443380
12193337
192548889
180892757
49449002
146080510
146080495
146080487
181422600
208317136
207697524
247287218
198574580
56854550
23074024
12366781
189267471
185968197
94226091
217736470
114314779
181657048
183719714
106886579
82644759
160682955
76165573
149208633
101968373
38005971
248252502
248251318
217147325
155237809
138189446
192884813
248690177
173323120
155828809
203557473
176708850
249482998
16609305
111711262
28042213
54811286
23075624
52881574
23073962
113920052
248799043
12012397
13673506
196190675
217729937
217729327
217728763
107368892
178316423
35242271
114336042
170343480
208317155
176059005
43824135
215068645
83157319
83160886
72098323
73731517
37812078
38038068
37474565
12340112
248252254
247794939
248251631
248251249
248251542
155238908
101986471
100910759
102096415
67520502
152098860
155236082
155234157
155234191
121411239
121411727
52731684
147452736
248252403
262862630
262862724
193767793
253421276
198379986
185943240
247291073
198577070
162865673
253425794
173386648
15054930
107981542
188785043
147447285
108212593
140463046
181422963
67535554
89183458
126595621
186553347
170649191
192677471
89188084
105951408
132255267
111585986
111710768
105948911
69659076
180893377
183355841
93005248
155391768
155372123
170767987
15054572
48541893
114328712
85086744
76400607
248251458
101929282
168898161
191054858
178593350
121694611
52264651
121694661
118803534
198585460
248690043
185904912
185899122
181142190
250124988
48016772
248602540
109394096
98605013
76299949
147444973
146080013
113167089
158656671
52881547
23074040
12193434
183371762
114328199
67904345
107370096
217736313
217736301
107386491
217764307
30684306
172834876
191292203
198379925
37489850
101982977
198261486
13673492
193005274
11980861
171290554
188382101
217736411
114319263
154855517
56948396
41845929
150035435
173359876
102102990
108231330
207019100
247793458
248252645
248252446
37681765
249032139
203862846
186689143
186816872
155240002
247661663
188785133
140178709
173476299
141275958
157277651
111672518
181422591
124773084
154907977
170606991
117832388
67901753
82028220
35534062
172827008
77036172
190321032
3970691
48466308
114335222
262069433
215069200
253699853
253390515
262695482
15619715
243057825
186689288
121410766
129408260
127014659
96216330
205336303
247796456
52699166
185993315
262550370
15053699
78975789
58532184
15054654
198571213
146080392
65009269
67906303
111756025
67905351
149662626
180893918
85087467
124773310
140461927
12347903
23073920
191413171
114332117
217736520
215069189
215069181
215069049
160581924
215068821
15791843
244169863
137739412
191390773
82643181
214060253
214059938
198587426
30684456
189648221
15727980
101936331
37553784
100898407
101937945
52265018
1675863
197974978
182468264
155233145
155237574
155237283
155231377
119320346
248251103
109344198
37507519
167157279
205303767
186689464
155234784
178588225
203890520
248251532
248253099
72527913
213914923
199693026
76499942
111710385
52080811
102019740
52264614
248253147
12193348
121410603
203862867
119320357
121411035
178730282
163477158
79439122
168845100
183727360
12499740
141533485
12193139
100130542
126729073
146080406
192686849
147444605
70515347
198262066
52788689
112644621
105949504
217727815
217736429
114332206
126341119
114326271
114315021
183728064
183725359
215068975
215068684
193366185
173398820
56948072
243057355
247345003
252132246
37703996
186816186
185946512
247662494
68108268
191892129
176246108
31204373
147443258
111709035
69690758
216901041
216900982
105950153
134381093
63139459
144964522
147088082
15054941
147444542
132255400
202223883
11968090
147443867
105951542
147446427
210424677
242975061
15054426
15054014
175836420
49463825
190470075
248598078
35383552
157070524
12042126
195715381
253132452
15958241
190154377
147446784
181422805
146080623
160795483
192565984
140464087
113166987
57788791
191825062
213474441
198261533
52723164
52726741
95289257
52875924
48575884
114573573
48575916
74978077
192815832
12107112
13673512
21190890
217736289
217749569
217736440
51719076
135059173
111709044
171940378
184247723
160670588
29941117
176788142
56321567
83156813
217549767
12193342
262695350
199671130
217472880
257867771
100899838
101931093
37474430
37527334
96609291
37546055
155235770
155237607
147454554
187291837
203863280
12193361
58016184
58969395
121411748
191149530
186689152
155233402
155239137
119320232
111315071
186689285
248251404
109529130
121411493
213943427
207301709
181566777
163906815
121693682
130867327
105950480
180892982
152070505
118202212
191892094
111709783
76500278
12112035
173354742
154906376
56585104
63139437
181674663
242976390
117184216
182588141
31204330
207459312
15054326
55352953
195454582
192673846
192134282
111755837
12193123
168847524
57774627
147443513
171798690
105952191
67018052
98127700
188981738
190153824
147443767
207414162
15053783
30777907
147445908
140462957
143766535
111709686
171848877
192558691
146080235
181786313
105953163
126729399
208643537
105949807
12222374
213485376
248602192
15054744
12109560
144129046
12108974
46201718
68404880
70512065
81074727
70514997
54814690
54804735
191412827
23073944
248792419
116339710
217729439
126343518
183743066
215069195
59060368
106886606
216902420
253697736
124875393
83160041
12499804
253365889
102097001
102086668
116003135
191298326
192583661
188903567
110867645
138323991
250100721
249663397
141281547
129932913
135602609
141356070
