173889056
157568492
16991910
31824431
53990561
115846802
136728602
128724489
103514058
147919176
129724732
22011628
120120010
150003502
185110697
53977446
189835546
119365890
51737828
173889062
140993631
217312906
148076979
31253516
198933202
119484478
207974029
44481725
196059173
75049790
129421202
49226985
35876304
117790601
150604635
52196851
138821251
34564200
44885577
48624102
132996126
159824783
141014492
23012978
214667964
37961184
57302889
117069215
164568421
121496487
26676535
40875116
133004908
262077486
23012400
171612932
205767075
130413107
157568270
166005814
116746273
185878015
41341384
48127039
117557991
143678607
168112858
51069173
118124857
51245237
61553939
149656652
199109677
145497067
22541923
118315034
53973143
114882702
119961071
217772552
116756236
203093650
247403294
136664763
188026340
43378826
122574782
15240669
19553245
136430531
132020642
17632871
122869512
31253513
104948580
138106799
140331563
207976952
117687071
175582523
17898151
137822497
182997417
37961302
129374873
253665739
55387649
137417153
143678949
35487570
16964175
73314358
199007868
32392383
117582485
174817928
119347989
110947248
193521760
25081283
217315485
83933313
168167995
118989202
114587430
23448647
117687350
176896863
47111323
137543740
50416355
163543866
150873374
16919743
113619618
178268285
7974511
108967811
171666815
37961423
34789842
74900409
164209334
14294285
150604626
46304689
103758710
136382097
129421979
72895955
199111733
216378848
58548080
2251229
82512260
56420320
111999267
59491262
143612354
147918301
147770655
192211242
123862198
16964469
107077754
207896492
143612330
17393617
31253501
204425799
43378311
50327665
59055111
161217788
67152538
194005035
113787765
105674655
19772771
133811396
112826503
157568832
67238668
23695343
133811979
135077788
37961210
116746230
114852429
23012472
19772691
56138907
119617486
154560979
147414370
127063418
55067759
203065024
119343818
101554904
143614030
45419902
50162739
58561715
75035243
185864059
114188716
22175715
16857264
90899243
28868798
119501529
185173977
136047538
52502658
182545784
123862234
136382909
118989169
48274627
249658120
216931432
158227403
139012170
121625865
185864341
57511974
206303897
133792201
127121287
106535701
51291391
137996198
52501101
178513110
52579018
143862793
70192341
132103488
16991882
141905884
116756140
133811542
132206123
136461676
37961399
194453230
5812813
207698410
152053449
177221978
137996384
143679006
68994659
148606495
136540086
16868708
109197283
242101631
118989295
128781905
146589376
181461627
206862280
116756243
51592216
162547701
87015419
259520277
82251385
198578923
51031401
149194715
159392018
127879149
35189132
113787682
129421911
127553846
56682243
15246487
115630173
48300864
69701181
103265678
207896812
134332755
212237452
151585845
42471529
120859726
134332503
114188765
199007863
135276498
143678648
136728675
260729032
137996398
185110886
195127434
37961479
56030957
148700015
13322262
143612387
37961231
154155215
144758525
102807484
148022679
15375790
207255113
170337661
150385793
115223994
46121152
41663466
137890198
34163578
132207286
120860198
249535175
118989173
157568045
191827331
253419864
34163575
143678875
132103010
143678315
178100352
19842186
17000396
150003467
44127266
37961132
158210465
118680654
113400857
133812519
198932929
82482148
133792451
193999522
127184506
139471421
24219546
137995487
37961118
193005898
161246240
137741557
216113813
55279217
207014277
52049609
71898345
117447370
54770984
208100296
45211424
56274139
147918828
153545766
74508530
161375783
154722233
92547891
130742958
83936175
115689014
212922819
50226799
44981729
132016991
13422771
132995256
52198470
249535161
137004434
24733392
180030305
2591277
3001353
156937473
153912980
112792854
156645106
180346930
154722664
121684131
87025696
144223612
133811932
34163518
91767163
116756256
149493766
68783166
171324142
44925646
17030054
154722151
19776171
113535088
17950835
214594648
11374896
113252001
137996442
101950853
182546077
119348099
17016875
50171092
21416493
114783407
132076381
200842388
64339770
42090634
7973684
143291529
206648708
176933552
164454953
34340065
42921712
73248259
51573210
133792380
123353420
36340831
114048864
17016340
67730250
36816937
38609210
216378878
45347837
139440534
200006776
123862022
113787667
52461729
51970486
171613080
48627025
131592234
182545891
136728331
119479490
45839250
130855321
479956
123353499
143678340
44788582
15375770
137996646
137996327
477523
128325416
164971357
181153592
175582536
156646485
52079487
133812557
57379970
22136192
37961000
123862087
104129568
133792532
36448288
137181346
26499571
72059709
156299692
89764520
7987841
134332558
249029882
65823914
138820932
143679135
240366368
171613220
184589157
57783087
215362533
136343470
43860410
142670664
35004586
35215689
116756252
118989260
137890265
198184184
136996217
167578203
253090505
199836644
108263069
157568410
199972276
143678748
209603070
55029114
201003219
133811893
144339540
182545298
136343427
61394041
68657394
55479343
37399050
118989335
173301688
199110388
479926
142315669
82366213
190782089
106006250
189182581
153545669
117817003
35188651
118532453
51041357
186863088
53974086
119364447
171613280
37961434
162167010
117773273
17014369
39762412
57244565
199618128
22165736
178100342
151048103
139582521
215062774
157568025
209603181
51596377
109525788
134332485
133812463
50337174
24253223
137417360
136540135
177722767
128700661
117414747
199020242
225200935
120860341
140161364
138820706
42828921
41873766
114783359
25629834
143678362
72577241
212218440
29174482
33145330
25178683
119451006
208916730
212318183
4757415
144341265
137239507
72626583
123862371
142555000
172840842
161375174
37961279
53991088
166005646
182980870
102502984
46120812
66747595
51583699
34340260
163871858
144757746
135290764
145717398
23012502
149056504
119069082
143679064
117103975
147918684
72686567
137986536
37919367
31838165
19783392
143678590
143678195
17000489
133811419
138820785
184304135
116756172
209603233
129727162
165690942
45446977
148940118
52670551
155559562
144758237
139472485
55292111
56320900
477558
133092196
156299912
247933424
212218485
42512452
119617263
59084277
123353470
133792291
31533144
29452808
158224798
16841807
37961501
21411355
115846614
34339978
29174290
42921778
55066891
147817016
111715456
52039184
134384232
136462612
28915750
33533045
137741376
182545381
117559211
19776616
38477062
153508744
21482330
32226049
32835698
118202419
117069468
160186167
158389751
132020589
133811605
120290983
156298798
109250053
66519655
139440457
134332473
182997299
130770639
144756970
