122871962
183360954
107461412
107459181
134232344
205510472
198613866
108969977
205285810
37870111
124274661
253306835
253306951
253306771
158709043
108969962
162123492
20274065
35368353
146494178
181431414
143862966
140125837
118989266
10411310
114571895
253629631
44433656
82485782
156300086
217500688
7629940
145394236
71680379
74946535
41547214
249216396
252316943
253235991
249058281
249488878
230038166
259536060
253306825
253306779
253306755
129644023
242741602
249005260
253235983
249005172
215736471
253306823
128815480
253306756
253306864
263239545
212605687
262731682
251276317
202641498
44885351
20889218
115325417
128326877
19849646
115325583
104354902
101929934
193294536
31519642
145396822
41547550
34738470
107453314
20853858
144182123
20871985
168858521
145093531
251013813
262454976
106806108
149687714
262915778
262982246
207400739
250080718
205537922
225214880
262812098
248325987
197505440
254205860
261961763
259545973
252674237
185864358
262915964
262934050
262934892
253306759
253306830
253306723
244306251
253075906
259479607
214755227
253306809
253306857
201013994
253630304
163148437
196050030
242741830
225214585
249004807
252869990
214755026
253072491
259482672
262676164
253306735
253306872
253306849
263047661
259479862
253619499
25982202
76372988
1068650
104267815
179715884
202712917
27612552
29400699
48014442
62885875
36319304
54423254
37796066
125342062
125342060
202712925
747250
100251471
72089642
25041592
35453128
25982564
179715882
202712935
50724773
29400931
31519618
198961113
179715888
1068652
747258
1068648
251767381
235867835
104267827
179715885
37796143
40724132
165342559
34738362
25988331
54423234
31519894
202712919
41877587
1068628
86533351
125342064
76472949
261989925
157859954
53259078
249991381
202712921
25984321
26619126
31519795
37153582
207490396
147117466
52366559
58952251
242722863
212314941
34738631
33459052
91773892
34737380
78945506
147918562
118989122
155314346
204765581
148076088
755385
43352895
163871986
155139086
28727719
151585684
99885783
72520683
159894838
249004931
171668474
34737273
58798617
19774801
7621700
247823342
187824961
134091507
230057767
51028836
136045404
197514379
755482
179206454
7386743
127671453
155314400
155314304
153981766
55066208
78623250
827285
122427278
122413745
1068638
103047050
123532337
176245942
155326750
11224117
144095602
115494006
136378116
209403918
38602351
20959781
114678284
956115
172937502
103788992
143860454
170024374
31520531
85344965
229701041
134621372
115494235
117570530
195151339
21906125
19641268
136799179
122072679
225970263
22175223
13781682
143891252
115768324
129202054
101361520
127844913
163826624
109250555
128790274
123432436
138214441
141343737
247312277
69464488
14030401
58965693
126522977
138488367
35922541
215999510
128783457
174594827
126527575
116670036
183531445
162596200
172937500
145633872
2749115
117460900
170288051
147498578
158709698
131817343
52716554
76021060
67204412
119407964
186260817
28934249
157491271
23060362
145536234
199104658
171466559
33893818
144095520
13756033
162426910
110470934
196794426
161253697
172936897
23581320
164455660
219133234
132196552
221252990
177483946
14536883
168223581
13781795
122193836
128329703
25287204
63279920
147432958
10083193
117460904
121312204
110693465
206205174
146993812
17012816
126514702
89237692
129636235
89653631
249798999
130969065
167594955
183531411
35454289
38084652
52700337
23060204
126515923
103581385
10490186
19849661
189603590
144333509
107078090
129584815
14274211
7934227
123532979
113398438
123533332
74385991
13781813
123531920
123532220
65494331
168229169
52716568
107549695
138128528
122072425
205540418
123532935
127164484
248934364
46281118
33102890
248930460
16666955
14534547
138072867
183531405
215118363
229700257
143612542
119023113
174152632
23046230
16859514
128791256
131516728
123532902
194421569
35920714
106384385
248709065
215999360
229701447
53486389
52716528
89652036
123533075
126518435
153539236
185856359
119023223
122072594
63248454
148699408
23089347
135476289
144095858
73521500
138603020
126514875
137981609
121269032
119023313
169657213
123531978
110756414
110756408
5452335
126527461
32002631
128791524
176617360
107327443
220746996
144757322
82953574
164823070
79322432
249802058
32802833
3831187
114903522
111579702
43881607
53635488
89653638
49193343
43937628
107450726
84159614
123533087
38085783
52110442
117460913
143678823
120813690
115525290
157256530
108223312
163848873
201058986
177794652
144095514
131817421
155573025
116714310
8318091
94449491
13781676
128516248
107076531
167793855
125046536
59133367
16721886
24594862
83743229
71972984
2919995
168228136
9730316
135841984
129719983
171203079
136871565
171935885
76053747
119421943
56681175
35610300
41304442
13757060
34965272
75971297
162177606
121316362
171470177
172936959
123532961
137459346
142316683
110448218
126999167
248643730
197639244
141009700
170278440
116719928
22428881
26091484
13174800
129408816
96286564
13781674
145562310
13756132
131878215
89212800
39361663
122189928
133936149
202417323
172937552
172937712
196597642
99869529
83742219
161538069
83742086
144095396
110793483
37269398
164823109
7979854
26348851
128784824
19696631
92804779
135374087
76055819
158708822
171397202
140241959
115832472
16666803
162770187
100848821
116470705
110791008
138904554
13756205
106912918
74689359
195126455
74774860
121268666
