193366207
114357018
35961607
110163133
95053013
210425758
19273002
173669340
167898357
39369499
187240684
16616693
135573253
98102038
16616709
192332112
162395735
80483361
80974135
117112374
116962507
122408506
114685317
147768298
405177
115436883
249874821
67844795
257532647
230201455
176440067
175810606
102163285
184226101
57988328
162822109
55363760
80487040
95043942
122780170
49485131
155366978
45581152
261811358
117443315
263436796
262905956
263395801
242735229
261986349
176463944
262766037
262052789
252004143
262076089
262907471
252877578
252829925
72728091
176443092
398758
136931639
177639587
70771610
133786468
176815803
202428804
21199109
200701589
152179166
182486474
129421702
250103413
155760933
127197926
200701389
14848385
144277482
251402392
55998072
54749455
247956513
5804719
179758112
214189470
52293689
140370380
49484762
120441373
13579519
72728036
95016692
32215494
192549025
38646906
236491026
186105252
9348369
208683750
109664371
116835396
14485281
74209910
37739234
216900579
103907008
106378845
214761554
65440859
72728201
116139595
208127097
55158989
87915034
45553784
59304450
150372491
251282567
201702407
140991370
181473872
110181253
106503081
14296667
173642163
132827595
53543670
202619540
39366435
12339235
105736401
125887765
137152797
199670042
14179767
103916903
140998967
81012596
217517909
112347843
53228549
114680346
38364889
74152795
35355841
46533507
46553825
14119399
21144358
84076213
25432805
153999085
9837590
14493392
187051233
126528276
129008889
151953423
122225056
2803023
81065231
85682347
13984304
42629368
205220081
16989402
127961243
105578809
7884847
217726431
170589321
150862253
136116507
34649897
100308072
116962511
39369095
111000483
125743080
53996623
149910903
514100
112336807
56398071
140999842
127960982
103476941
19880558
193736552
39367776
15621454
200701167
7021091
103690754
109976958
252674821
195637919
192397160
7412199
156205001
95267631
16729778
53707521
52206325
155879730
26228966
253274564
208094641
51612646
149443720
50308506
50111856
15640276
200701766
97734264
192333806
204663586
121335704
98627878
176460999
43750641
140459918
34383669
15968569
39370590
54433431
57783141
50110477
36259396
24839421
9322378
207781342
262076987
179710937
263394764
72728322
194583339
255761242
51251290
251551493
262762215
263045077
263436638
252764171
216217084
263304055
204408178
203185720
21557844
214846884
170762534
35188335
25080796
253103696
215400636
75994889
74623862
25086707
13611850
41588176
115583785
56094931
144213500
23395346
192897268
210298163
179693788
68242254
13788140
50705450
58443721
210298125
13561178
54420142
126075735
105071281
104743914
205824197
54064052
43228209
55731686
50214891
124654697
188189695
214847046
225173362
252863068
170762603
188127975
1734981
165749256
170763009
85373761
7177765
56687854
143463478
73981163
77657057
14420014
53615760
105515653
91105580
154173114
64255153
85373707
114965779
44112128
163709008
105269196
163709011
105515246
198457926
11591484
200005681
210298120
121101422
53405456
143463479
194461511
171967524
32711332
106756844
181375234
32653633
106756821
123431245
196800924
13797865
214847042
248045155
57960499
205823902
95035534
126863136
8294280
170762619
188147582
127596331
119198716
129210900
105515272
503327
206123502
57456756
1644023
32371308
111972630
252574059
127527455
160691118
193083006
74311806
177750807
95036200
188189682
235856653
50608663
122488528
29108052
242742633
54343068
154987482
170762964
53599968
130333530
198459442
42325720
74487454
106104967
170763083
160560373
106756797
96311040
34438039
57960497
54512362
1644495
210298193
7819088
60092103
193605735
44007523
24366348
192287405
54343694
206860402
113474588
8946196
217103433
72975721
104557716
262044987
13936920
127351313
576243
13594009
170762797
68774279
198525908
210298134
421061
105309380
29239550
14434317
126001738
188189680
193902426
104744227
68032931
210298179
206860100
121794549
106460334
119334715
5490939
11512976
10954870
53292041
164959981
22974906
242424881
164892897
185051323
170762660
183907101
199519760
44114073
109369397
55667223
76304949
215613961
192692926
79193180
66511787
56517419
189466182
72338000
63568742
32373594
170762667
153891547
105515248
82173714
177848331
69191062
24443903
120153641
26350496
205824233
225171875
109347689
66643295
198455183
113712630
215400628
12060303
54424120
123431516
207982966
65396169
184522249
64263265
200960560
13565802
136683165
183501810
214846840
7996421
165106865
59502420
185051315
214846957
54072571
196287735
74309815
200005328
163708985
57382440
23017174
54058766
115265205
184895499
47241453
12057178
97511923
194523914
135276445
154125292
178100874
105515421
172009999
87991670
41598951
126863140
105515471
188189668
202010197
24390739
125721982
68496661
36249961
130326810
174655300
8333483
57333104
1644103
183315009
79192858
5452719
116803580
72688084
164990691
66546838
206859952
57960503
12474947
116025040
192375749
59062465
212425777
34593198
22364658
49192065
48077144
158100205
48436325
56523623
171020172
189374422
13526129
171006432
163709010
193042266
78017876
5476465
42958544
51201501
24453964
169747778
117171617
104744098
170762737
165041058
252565071
200005457
160691809
42235574
7177749
184080564
130438207
153760819
128267911
205824254
113914248
37678263
32135160
60695321
252093136
214846922
213846554
73980509
215400629
243808104
192946453
10016286
109853760
105515639
6522921
42833505
122156048
208417016
105515534
6802021
51201505
109698136
44303157
194497156
170762919
170269118
1374825
36133134
105515662
54693589
214846979
33564134
176721404
170762805
56551761
60871854
215902678
87378640
60166631
109710754
252574490
72652251
196287697
126071213
36154427
24280487
210298149
44303154
8294795
192897242
116393795
200791300
55998254
126075688
198512440
197366550
11512967
168157101
210298180
185658073
184226538
104744171
13462562
33576013
198512348
248241204
71951721
192990195
32397267
176707121
170762710
20319423
104641532
53764248
215098182
252853914
13576505
160686233
132339781
253365828
52853589
73290952
55914240
73979460
192897203
48607906
252581219
89424402
24280493
70522296
252565069
124283260
115902842
44088951
115097453
190547862
105368123
34728411
132207967
119445279
214847017
42488484
252580649
73400410
67090819
52852644
192943468
130410707
252862673
52539878
116875323
243044288
109712615
56234735
162516685
33388319
194134819
160784470
215613975
92165717
54341682
54423513
125849803
131572210
136811714
34951648
165590330
188701529
6522955
170763050
78946458
105515162
203110117
23064551
194461466
3658661
53678917
164283554
36266650
162507338
75486077
201571678
97091420
129198319
37031362
42834904
155014097
119445296
189466565
215400642
177853592
75632558
130744689
192933176
97099664
38333627
163708997
115669100
104743732
121229433
72557072
165592288
164231321
216461625
251969898
12059126
205824294
103922069
60808465
192324035
107364830
115694930
8294303
126006343
129309801
185762073
101454553
31644936
30988425
242090956
719790
203095280
127936311
143183758
