79552931
15053832
76183061
143424588
76180584
186104761
168200914
155393425
20372777
77629603
90022640
35847191
48981200
19685251
114335705
193282416
24856572
178588791
192886953
198882691
214058321
37879058
203558464
202020908
16457989
66619341
70454125
181422521
78512893
20638826
105948933
180894007
156795471
171798392
105950426
111586581
16322231
25455011
67903844
131579656
205412488
59505761
116340984
23452575
23453049
91964990
91777940
46514558
190548485
129558070
91950705
19550762
48540800
184468749
28930451
3716233
114314760
149398177
51707059
76528055
176704432
51375262
253421118
225194902
164022017
248251667
186817135
72954860
208415545
121410739
182468338
195941250
71924424
72303485
163552728
52334374
131123635
99480546
33366698
147694375
68939637
189654289
183376171
24386736
192722018
184776912
67903799
20648747
105949904
116154099
170149696
76173099
75389906
99485224
19702105
76159963
192567628
76150871
131125487
146080338
108399222
105950045
158674039
20372848
175190565
184776401
31204719
31204413
28266860
28303536
42617973
31204979
31204463
31204631
17903071
113166606
144128235
147447035
214130780
84204286
76162192
171076054
131302550
180940418
71214347
91955446
189673526
42879018
157075206
181976761
23452471
126346941
201867714
196424736
177279413
172107285
249032353
13912572
155238583
121411015
249787628
182468035
198099968
198099336
67996378
248251068
168835313
67021157
156652107
70308143
160291070
16591839
13562838
150614471
99945229
76166467
20372686
131124493
119257371
146080177
181786002
20638847
176152604
56902323
129535469
90356658
14074926
50674304
184880523
183690994
215986407
107391535
197864247
253421107
199672124
109060158
102529439
248252606
205257211
160683074
202383680
6747049
163687052
241446358
22554396
69178787
29633207
46144149
177012627
177014465
208070838
11720679
3970467
81824694
117009523
26146695
19550756
26146692
48540827
23452740
36568994
21482144
91940366
91927027
23452539
190195064
72517190
743644
45881412
217739806
14453866
126347899
184076118
207269803
175876527
175875942
76128164
116096415
54761864
116096241
68577960
37733522
47406382
169193047
72297929
149208873
121411946
121694475
186689477
143159650
108676323
160684054
248689686
162772514
104126351
30731245
201041833
158667023
111587015
180893526
74029530
130787687
145178794
76166093
99481423
111585649
168815623
67493007
197225536
69335050
76162763
68919446
57776312
180893700
69659796
85258745
76160047
73117345
71288437
146080279
181786756
104151827
158680574
76177136
76167311
100487604
105949605
230126549
58292684
111586021
154256254
136037159
99485825
126728661
67904304
99483340
52886908
26728124
48575783
75284425
99486189
19340286
90572997
104206110
184507113
260936723
58890486
93207242
93206945
138439780
174596316
118900403
99484587
89839974
42876690
67226813
117090770
201862497
93960940
171799003
104111323
168833662
165895939
169105604
81092230
33545132
32147110
98911957
20649540
67590847
68919071
72517186
91938943
114315314
179517970
76165666
85086749
175876323
13304265
167393894
144093801
72217928
52264396
37866716
250089198
247406205
71924549
71558416
189475479
203863152
163553548
14637535
99478457
144693228
117184343
147443409
113166680
156936605
154909769
68936371
117481468
77618621
111756847
181942418
67901993
180892510
31323617
146080345
180967196
93969325
31204322
16591791
181785318
129527348
129523424
52890245
76240075
188382161
51717499
70352771
160835380
94334224
191219959
106886067
158755552
249032231
198099289
71165998
257774469
171232017
66611471
102109429
217563490
163582420
116341207
70878014
56526908
140148944
154785836
75716235
67904314
57382827
155397474
99489009
48016295
15054800
203950442
75410940
15053890
51587340
20649261
180892507
173424044
151495606
158663665
254019851
104152289
13904492
44053586
7165747
75420040
177784312
20648971
122590885
13562842
85087265
54674975
36628111
198565554
56906096
81824870
23452806
20539747
91950420
13999869
35835497
7722890
75716217
91931493
160835330
217739717
126343719
157544502
78555676
193282663
202997573
189650439
248591952
14756146
51570199
1351603
118593738
181782627
197700947
13317563
248251779
177158134
155232116
116024135
149092901
118895078
72514431
252939368
248252787
199692658
187361755
185276602
140149033
252877331
101776307
163697893
99485088
184880584
116336641
15725369
21077632
99480177
67904308
58294910
99486340
71668960
77629876
179715672
122904836
197225612
216901483
31204467
31204392
181419404
181418724
136037285
111586275
132095142
48333745
113166904
208322303
208322273
121647534
20639078
20919152
76159580
202403747
15054449
69335325
85087901
85087385
16658971
49009585
76160010
155372553
74034094
52893995
3967035
3970431
90415532
26146679
94023860
91945301
22514784
48591231
16591768
48466795
26146687
23452987
117686334
94334374
114314317
114327910
78616053
7133827
26271098
181422778
111711378
12499843
180894055
13673498
111708989
173354224
240891629
172172489
90344542
52869108
113167082
179571373
215838557
198518716
253106273
249019843
203863394
144127015
12347785
111586048
140179245
116048258
12015580
31063345
171799186
146080426
146080341
111755840
113166826
171020953
250106409
173379175
126346403
262862762
100912790
52264204
195947291
121694493
155232182
159035273
204429472
82028072
147448027
99487893
113166910
105953225
186558199
140465768
167423803
249290316
95276095
213487394
253292185
114319507
201861745
183728613
193366189
198584915
198518846
243053289
30684414
214060673
207019072
250100435
155239084
121693531
121693683
185947180
185995813
259537213
162598963
111755895
116045627
162749346
188446691
36344393
32407199
146080545
93165602
99717153
52296486
207019036
148081489
155234389
155234259
191149802
247662380
34675695
111585634
154729541
247462325
56861390
23073929
12110974
129300139
30028312
243057744
101934329
185941894
77491874
192561211
121318676
176698454
144131186
140465453
15054817
94231331
46194244
52881434
95285026
167683667
247286971
116344454
202224250
85086752
43826629
202648345
249032270
198520227
172069899
52771844
13673509
205345223
155234487
109060657
76897827
255175574
162844633
111709018
140463415
104563286
99699956
215999573
147443389
111672714
173359762
198565638
114647073
253292832
250334737
103702317
247343025
166263150
67022943
83158034
172079837
127013993
165626518
66879674
174039533
190660789
198520090
253526986
253420675
104707090
37559727
140777574
248251731
248251539
186689395
205346938
203890985
199900460
155231948
155237148
109521975
197219563
262747687
248690166
