43755642
185276021
75827313
179804207
68571452
185276851
138747660
83570200
196726868
134381837
138754122
151763962
99486294
89840598
139060213
131124539
138753660
72290037
71100819
58297868
72908746
145624809
152561907
152334991
20868586
139142812
90842833
80266736
160635039
185276505
160516834
74556622
68585786
138748315
194021854
200766740
139060268
73598223
138747680
169347427
134245126
202881380
180403061
76203918
81075618
146618267
185276726
12088628
114698445
90065685
134665450
205883411
217146643
58263916
191219654
176401266
71175178
138748401
48704128
75369091
146632694
202233881
114327095
114478473
213965148
152334946
185277110
99479932
171076144
70685267
3862177
99481203
47970156
128929411
75812229
140150824
99489803
138748423
108771148
35030810
156649180
134848672
154367204
133662264
196479414
59092026
4138287
75817604
58299174
198261773
75827056
74389693
86076295
74508015
159127325
103541180
191542947
73151174
83526128
140785680
34744354
194346761
193413110
213964991
185276476
151423290
131124653
74254675
154914465
138750889
185276148
3862595
169749851
185276791
217146227
131417692
138750739
138751668
153610807
83517690
75490415
154155854
59499990
83531203
90753325
72568280
59070865
75486210
80438548
196726698
77243148
52075567
215072264
103384621
77242790
170270037
58297473
185276095
201919667
192222671
3862581
150222604
179420152
72297270
196325323
138750606
99483244
196726750
98853998
185276930
48775641
92451542
156651506
200794110
80437373
76204091
71050122
76099784
146663604
146699106
146664727
146632711
74557737
76239537
73465337
171621317
125349577
143352551
72019946
130814223
72707393
108780887
75541240
68919995
92987228
130743499
203207703
184282188
72294906
180105137
198525658
97331605
75486134
42966281
195228613
201593844
201594183
104933403
73107580
129519230
71987764
99485438
76466184
112566597
129296447
75486096
148605384
192217886
125348970
146633611
72885407
67262849
180944994
134850050
88874974
192220335
57183868
76203820
147771578
79957683
116034100
133772245
138748697
206643298
201043199
73188636
34749120
199899635
192334090
185276088
72008707
104861234
163547064
146870438
157513431
139141175
196515984
47234242
138749841
138748869
134381432
108756100
138749663
138749092
75550905
143860831
58881601
71927329
70689372
72741444
51367978
72707525
66540490
34400412
59132759
146697937
9798020
74332564
74557914
179414102
74390037
74508221
192222097
191544007
186218444
76239435
73609532
174099099
135110390
200766834
185276464
138749405
131125424
174649020
68999180
83516834
155564640
217145822
3862553
131417855
138750764
58957255
59224286
136583784
87056128
60169305
225974398
212249941
191516780
179954811
217563795
229725267
47811239
3862485
74683244
58296984
205031129
192218094
192220030
133007127
68565069
96844765
144230735
99479337
99489899
134381541
99479817
48694055
73243781
60678471
153836919
147774809
59132320
201594583
154367098
74332434
74332933
74557840
99478737
213704932
213704774
80436558
73188669
200922341
177158339
34744731
101409553
131135413
185277155
73170721
56691583
4604263
99483345
83528101
73843332
138754033
138749066
172919144
72890023
99486410
75485986
81076185
153838018
72069940
143157794
99488578
58813955
96986661
72296387
57038111
99487173
202997373
126039684
135603957
134849827
190379033
205306295
229726127
217146214
184826397
260791538
198261872
252657530
263272140
263264700
175876356
260936082
187955618
217563787
205943826
229728014
229723655
188835177
180944478
214819532
190419827
207897086
252657962
192219109
180952086
227410228
229725602
255304883
191053436
248760027
250059221
194461987
183042140
203944085
185276321
227357863
255302414
201597060
198261585
213704885
245781694
249934359
260935237
180954607
196725320
255299873
198262015
190366161
215072346
263296711
217563509
229704767
201914425
3862611
217146592
144691597
26146524
73465260
76159843
34645505
105951014
111710158
104202246
75726451
111709809
85087316
67904279
18797371
171290178
51844533
114324044
83160055
73386096
248252201
203391696
253543010
162248191
176725902
182461236
131124962
79193003
146515166
22554412
85088652
131418464
74883535
99479264
207011736
168821301
216901318
146079973
146080098
47507886
