1391347
74897599
154155413
253117062
130978358
214009046
171618108
179970479
139457837
197334787
214008432
213678661
138083218
75331097
146457002
178596691
191463903
167750518
170337343
58510250
214006984
75378756
215101707
205930779
152738111
103637219
67029245
157943579
168663152
184669779
160814241
225385243
36376636
138838287
74892021
164361837
179805786
213678732
174287389
75378750
213678772
176464521
178092987
143061027
225255034
79709163
216178735
156644981
214008289
855162
216382694
139457475
196015143
245323425
51844790
203862292
2758623
235732186
253116803
133005345
214008668
166405895
252069617
103545051
174342096
135390778
43755849
145673600
106870100
150509493
167387981
214008360
201509082
123441327
167513137
181770298
203202280
251546916
75378593
214690892
201525471
88993037
178083976
99834160
253881297
212054460
212054372
67029322
214006896
194212256
43084631
222322077
150509465
214007120
235728525
213678621
173419596
213527833
214008786
125244519
184589216
174163144
34423196
56420137
214008201
253266713
158409197
77679596
215101775
177994992
214006797
198933052
163022779
108092449
213705539
222309908
186886481
64731425
152738106
75381117
215101820
195284121
73464882
192850997
106604822
146479789
59173682
2758335
48115056
76600311
73378458
24780272
52462077
179156244
113047674
252356385
192683653
121248640
214007708
214007535
214006547
214007670
19775670
252069974
247718784
217577518
64730476
13766282
214008464
74907796
225255048
214008168
214008271
191463839
191463893
125735532
214007259
148626090
197070050
214007196
117385260
195709473
252850501
208404109
165984298
247933359
191463912
55885915
186254941
78509906
121709444
50735384
8078800
212318886
192714411
134939548
155354676
214007514
156300041
68737121
74844985
150509441
205996226
134657361
214006905
214007566
214232152
49862886
153981210
186967546
173425043
168230747
87960221
150376825
252354757
215101742
183930504
213678623
167359953
54876380
174258673
213678736
214008666
208264628
99834190
172936280
843695
214008675
252131553
130855255
217564392
171666530
252103741
104261356
199727753
196052014
118243361
127617839
171618083
188145788
152475834
212054436
214008862
174068192
214007309
139053107
214007136
213672339
127220655
216010481
57665756
54472523
252069964
2758737
202421267
167858009
200970149
202450686
155265712
213678629
213678714
201292086
205040003
213705531
214008387
181910579
149573995
116118554
188656078
52289591
248799588
183719033
142991120
194146920
150509443
246864834
214007139
213678716
212054408
150726093
214232539
189539430
201508999
148022129
248741536
182563542
54551661
203860849
214006540
148938772
23039871
158783421
214006819
214008194
162241636
35578116
62679247
214008049
151955095
68603107
184314995
213678610
253867378
184284278
188844340
139462110
117570799
214007069
146447981
152100326
208260577
148698969
53256949
214007679
179226799
200868045
203872103
208413380
183725687
59410596
72913355
214007106
99834180
87030386
195775702
250461090
52338722
174625382
89591425
177942319
99834150
250338769
150509381
35921775
213678631
213678734
184318147
167373688
150509485
68736658
150509449
248799730
212054444
164379824
214006893
150880890
179912730
20856534
214007114
214231494
155355923
214007749
47422932
252868819
181799629
179226404
167374798
225208484
150509433
221264409
133092790
212054360
214008016
179776464
173718207
184429752
1391361
25140597
253107164
208390656
20366405
41881443
46217325
100901845
191463867
199036749
113047701
48110607
213678619
213678724
171618090
235728954
193665986
169774145
1481125
262059064
216210108
182739320
147918683
208257303
34482975
136540050
214006486
214007871
214008228
104806750
47143913
14885441
192960848
208264969
159786708
184094104
17923768
214007574
214007752
249728381
167374531
58740581
181694703
219456867
212054418
182739383
134332490
133092343
110169464
8078866
25982780
49651898
19698324
105674695
48306752
180007171
179372092
214007611
133792426
115783623
214007484
152618982
247582177
201215320
48899139
252316811
141289973
252069341
56819130
948733
174283613
253134659
164379898
214006604
125500575
214008560
214007855
75378541
173540325
139458662
53628491
208603504
103525921
197674102
173889054
202664330
150509429
249206383
213705543
116117723
132812551
253247878
56866226
62760925
132995894
118209005
182739338
53041354
222621866
208062151
214008380
252069349
174310437
49651882
53598765
54609134
214007320
179712422
182739346
167387605
182739391
192851023
148680032
214007867
153981408
214008767
160447578
8078824
242172724
214008353
75378752
52387023
195987463
214007238
104309806
214008235
143468095
214008694
43183568
196146496
12237643
139564407
203991687
184318295
252069333
65390509
214007370
53522813
173015067
50597889
176711828
244177611
161218418
150711989
136713654
51074400
201089341
213678655
169774332
212054428
184836845
154530346
221264407
152738096
212054348
212054354
136839529
186630561
214008972
214006712
247960121
147004045
204421274
144342501
54919227
217498292
36329573
56440702
192714376
140628433
167551342
174172393
213678596
235599295
199621945
175422809
150509475
174029683
215129162
193334642
214006518
213796093
214006419
164249986
19757401
214147637
174198751
155354789
1391389
163162419
101455421
130031450
184294558
195991308
169716577
164379888
214008827
172158743
112460251
146479672
209318812
214008362
48224635
139459225
174427078
31708410
165182341
48508271
38450910
171073562
173424769
5750467
57927850
215101827
73509323
171618103
212054380
214008484
160435590
178319440
59315033
44273612
253117713
19407028
185400440
106869941
242665031
246857361
199243405
193124338
208255996
189387927
123441229
207957101
123956420
253400243
36582866
216139010
216135984
191298275
173401219
207957041
94726927
86406683
252892501
181809469
196051429
215217942
177545647
55579342
187644041
73575174
207956916
214584396
55738927
26348436
214766255
192952398
215217946
196051182
192952378
173428803
173428833
259317068
191268961
131392586
136293071
220683554
220683798
204669460
173401221
192952416
192952438
37796025
196051174
207956936
173401198
177545683
55578650
127599579
252052430
257773457
263098049
214760976
259316968
247780035
262605589
262699544
225207762
217719228
257773452
262388498
257773474
217720730
259317038
222682251
220683377
217725572
220683408
205330207
216139106
11107442
76298263
146569117
263098070
76298252
94727397
25985162
173428592
196051427
213887420
262605521
177545673
158720827
207956906
214584398
197828159
46203567
220683461
188446279
169265001
42839399
151708302
48013326
25984584
49379596
196051593
173429069
173428623
171659525
215217948
259317000
252401059
257773453
205850703
257773470
254085283
262605547
253089549
262605519
254080775
257773458
217779579
