212327501
109694886
142249878
138343075
175847721
194178070
132922899
109805062
185654621
118036796
136838486
197607100
197627120
42287509
108976388
207974233
176045133
171600486
144407225
108979991
162192655
83568084
106046619
131897686
156651966
198899700
197158097
157512358
197770816
132922880
110688682
135495797
212283032
193042012
108976222
214862763
138669408
108979786
14257424
197601709
197155107
44114365
107424661
124292432
111323543
197614976
92714590
212457697
8121349
168355716
121645494
132922503
15684523
162041290
108290130
108289448
108287207
108291228
109694795
197347285
197554188
115925158
89455573
108287681
152645820
142242879
142030232
142211498
138577148
142047029
138362554
138448022
162180375
197117274
197380637
215100278
197770836
162182898
68341613
47567458
212328013
121645682
160368301
152183815
132922301
215185412
212467158
162192140
108979777
138359799
42701194
182807696
76129093
43034697
195530068
75788060
113642552
76544426
47131130
212327808
197602338
162181884
156650220
176052335
108290745
108290171
108287127
212327409
212328515
212328048
175528835
168644324
205007825
136783037
109805008
136075398
42299411
47328075
162192629
210438682
116002672
142263979
142264757
138674343
161410303
128268004
136839218
103560458
113407795
137401916
13440869
129937302
109804817
197602941
154407223
198074878
185947874
109804944
108288433
108287214
44608182
76068183
215200620
58157473
135268271
108975540
157517978
195175388
157027653
89455426
210430987
164357571
182826203
136838780
198349382
197602021
197604533
198077127
212327473
121227366
108287280
185828314
39335518
194177859
15684496
161411768
92714312
53181223
206243801
39737864
212453408
198936358
197148254
197638831
185908431
168355520
77712667
156648384
162182003
113407275
106048046
103898181
104311283
109695604
195676370
140112256
205007898
73241590
39335109
89444985
108980163
200795439
138358946
202064127
197606615
197633174
198901362
198901193
197970817
136821597
170516529
72539093
97033912
101748062
100512588
221223441
96100324
93957958
105171496
108764064
157207521
100512987
220983538
93962292
93957970
93959096
93957434
77768741
77768147
77767819
100513068
101456468
184669195
158763189
100989830
262269677
205979236
224225218
201149405
222601096
226041297
87437228
100990113
93958160
160296402
93959913
186815662
101456860
100990244
100989932
193054829
187390849
87437766
167437507
100990200
174603961
93958292
93962496
157203531
186816865
80305133
192454995
205419628
100990080
80249791
93957229
202770388
186816159
94305558
184667044
184667385
100513560
80252891
115691709
157204802
