54411575
35285043
164940766
415809
122239995
440138
101288592
86513088
415558
415553
247661245
93858074
137127936
133819488
151452797
85377406
252768652
415843
90242884
172114172
96077404
132983007
90941034
134407878
415877
137535611
22043247
415968
205288120
144462735
81700724
13809462
59497084
67957029
415869
10759664
13803432
24426217
50871993
105633272
198525634
53534402
415792
252037131
415698
169695637
403240
112792043
124783434
134801746
56539931
35912730
55334342
144368650
144198737
97762708
10759418
177756033
2769743
116193224
111200669
115523343
22196585
403612
123353295
59497078
109853710
442832
206489222
127987431
41257967
12638222
206518952
141051115
55351564
55331499
124863724
69385287
1082102
415882
32977381
43225800
94801955
54617976
204668481
192338411
36014859
171860318
55349472
206388113
440146
50008916
415816
101855977
137446832
43762571
125593444
1985975
3744629
191753155
144462658
116313925
146581329
140357813
149045123
148054363
117070585
108140894
86171586
24496836
206516511
31522402
216228076
214515922
190635293
161930580
206483724
206319919
253321204
35912662
415774
11512586
146393508
415965
167034206
111998746
206532448
206481068
55348819
190631309
99109923
74575036
51069370
148967128
162144147
51288229
206519039
138324519
97075869
193603955
171653379
253091518
206481702
257553231
160404656
107480143
440134
206491530
208252600
196006174
1072978
104610033
133827241
129584773
415834
55330326
206478971
427460
424189
206490528
53017668
55469992
403533
58665005
415730
98335494
187824968
2608283
116194346
33031423
166765779
84984794
124965537
136866505
55332117
189471144
55135427
206481515
77557267
189171003
133817463
101183279
82175291
29580196
14336569
181770730
164432782
438079
56013278
136023689
87830811
144172166
109877225
55330560
178221172
174440677
206474140
116177858
415839
10759420
23751325
144908115
97599684
442833
147369800
33032419
117064689
116141643
91247429
158893359
158106926
203432848
87641561
117326510
208680869
55349123
136849888
253619400
415684
89054329
40982200
87291445
206290591
74890851
73575247
127376699
131532603
102736479
415702
171065336
42487151
252933941
153037359
196927716
186457385
2789877
46279179
191216341
138686042
185751623
3724783
127574636
70819338
38957587
186350011
55332446
206489143
24425396
165937971
82360274
10759662
37863406
216237504
206532763
24876937
133821018
73117797
1082100
124274797
14848302
138764970
136117916
14275062
10759422
186146820
124965513
107462593
147744523
167937588
152833507
74283091
55884371
43162106
55352359
55351175
73329058
178957748
114937767
109602185
206488935
206498304
95868164
82673639
82496885
35876192
41858663
415788
415947
415692
3923321
415724
35579264
177753940
195332327
24280390
477576
213867566
12638224
35733018
141665968
190631107
101137475
158810375
141000929
55347443
67674170
14845246
170957359
154727408
415847
185882230
253321457
217145349
217292516
206480529
199241945
262782160
262823131
217511078
263294040
262825410
262823136
263042242
250102536
253310639
253547150
249598519
186349685
165598446
254020822
247450267
184496563
12292692
249029194
187827102
253241253
253106630
260127820
206482995
103786410
212213861
259537044
253575583
253577664
249596170
249599150
263585192
194583344
205081158
165028059
251908049
217316079
242859060
249923559
262823115
263296316
247247695
204627190
196933758
187780247
249599974
208169771
242407841
217144901
260081767
217288897
263296238
201707298
263102232
37826637
203022763
198898116
155218783
38356586
96989603
104810700
34960340
4463187
79948559
57848545
100022800
43861874
453430
146035936
14567312
56025831
20494374
58012670
178588753
77014225
100226148
26682367
190171836
123353283
68084715
26685400
5939481
165938131
125875609
120426477
34880426
183319495
68080260
75798740
5082553
97599845
177609959
9671809
252711040
186193818
44155455
105657632
169714875
64320915
199098892
2768159
91119957
175212298
187643061
73334393
168379760
110151473
74491699
198897881
205497893
204665115
248764055
207519398
26164016
108937166
44866336
416639
123929349
104811649
130414662
9671829
190125895
252833252
137559830
33361673
29590791
192795921
13522483
2789901
44303966
2789917
416627
26697336
8145385
199098863
24691222
72036275
216869376
189587133
181454320
261005421
2789893
24243264
6586509
48582028
5009387
20877282
198530444
41098236
67810641
242741829
189587143
123929110
24604870
23896112
160217067
179159243
20110426
169503713
46155712
14405387
98845902
15664328
125597560
79669138
401629
263454238
183034782
35611663
20200289
203049842
170498325
104811951
54633157
54851112
13722602
178585852
28726157
123929091
538423
169769547
91130000
2799743
105657700
181454340
75402122
76070033
208657915
54638523
252870130
6289861
165938483
24244980
32404647
52659298
203016770
3335743
3769913
259482279
46853041
193646169
165927713
8145396
114731440
199098871
215024675
120427346
241975487
40716698
73329055
14402182
2768179
15309286
175656310
68448452
