58957800
151585588
247813824
120047154
106869993
174423326
856807
103102873
119537667
144339678
3838991
44550233
112055024
106006186
191752565
49305929
196215232
102379076
143679056
207640973
248546942
247017160
164553743
190233605
171934768
131816542
113400809
144339392
800268
1360079
47100646
48900382
138481692
53918463
161532864
5466529
103259035
143915906
120047356
117070979
99886320
240626610
241911808
91642703
1013142
166461778
139053729
115223228
58799919
95550965
82496807
180963485
173889119
147918633
6300057
76825083
34340028
912403
118680613
247785100
1208973
36697359
156299104
74285590
106700498
119692221
143613280
207640930
147918919
136728788
76824443
136728095
37869991
94259446
242659111
137486448
55480910
50715701
188445966
191507198
211913275
197975148
106869749
217921304
242091559
94728152
80439294
192259000
136728732
17604307
83933279
134364082
250077739
239824348
155785410
155785238
155785330
479909
202664288
33457624
78494999
188428520
103103297
136540048
186435483
185024249
177236298
51593807
94306266
109772860
155785220
131816469
32226738
114203347
14003269
141343643
113203364
35931004
170915260
19781910
249035483
37893086
123861521
159884287
4783007
192952440
181183610
192952450
241913210
7976968
262757748
187621626
249252640
213527805
184637855
83935980
153545694
171666821
6299755
94306319
171666819
251749873
191412096
2089159
135754624
26771377
173737848
37736924
16052721
17635512
216093290
62336849
93404721
208436611
177275062
54063912
4135839
74285872
37550772
22258448
8834828
169493920
150003702
7772127
188168985
54033810
20021181
189151761
26218812
4137371
208100775
155785180
59306285
82469615
180922685
150003628
86152467
17603045
132020596
147918917
180322553
158210355
94306025
131816419
58687511
4782977
72456951
159897014
73094846
179796775
147919058
173519409
1208995
17636894
43313135
153861707
143906586
37413725
186435674
23811214
113968152
87982607
74308129
34737416
202664277
202664279
13637199
94728917
62885867
32226281
68124659
56048729
156299001
156299070
25689212
49306187
15091769
162167258
155356829
249966281
108970336
51594780
99886351
1197347
1215595
131816947
26480049
15359518
44572448
180322895
182545235
27644852
106806406
27634723
57913319
42869891
247249530
711146
28309787
143678642
111607499
196049573
143921430
262461396
214584384
106869855
173359759
25970149
4132997
156299235
242105303
56048519
3525977
205039962
99512786
182541798
108256550
887239
134332516
182546256
118989360
177221922
168088663
37870206
83936463
185877758
99202596
182111060
4065625
1215611
24366748
161968688
247017021
147970642
94306288
20282848
37869824
10028525
94305896
68124200
50090784
50091531
4065643
158013929
48102626
21860064
125603998
153545525
143679095
249484881
252757910
25617454
200631063
1084416
67205247
55657101
141343652
86213670
1360083
125394041
262757766
48602481
96421634
6088311
182820457
137995352
154250078
182545828
849958
86143382
19596736
177221834
23839058
94305897
160074354
1360077
138381881
247253372
121554665
212261446
7029353
131817130
113400495
99202433
183037755
257915766
50702968
139473507
105226671
170337580
170337521
175573298
6088309
155785256
171666709
195919438
121625859
152046990
48900070
116976383
68500720
94306018
43113244
31129660
33431663
127881530
83931722
147918852
147918989
77447431
173719125
196148528
74361818
125603939
125603645
254022587
10022234
136728273
26759731
76826639
9999546
2301451
10007378
58615020
94306117
94306100
53579266
47349277
28323577
99413792
46695792
67261339
58811615
87982609
78032591
31129260
51422041
83933904
57205898
147919078
973293
37736930
21553216
15021295
143897716
173030843
37869815
137979005
125603375
94306065
28305734
10022045
171612988
209175887
11667067
36386291
37869774
46188671
170311231
177722903
144756531
2089095
216125873
114197682
45213485
146362411
247790835
37869935
57680380
254022590
254022633
37684839
127167212
19780222
204645569
6088315
107325553
143678529
177500705
54363391
69845305
104135379
49016766
202664269
54062599
55335447
181183608
212051415
94728539
204069539
173428980
195478252
173911451
214889744
173914324
196049400
173428523
4134863
242090734
199631104
156299052
156298846
152803248
41430934
163476551
17358903
95295464
77443631
202664286
106869865
73573936
103076754
187622641
193665942
57639988
213527817
177736994
92555185
106700492
4065649
8832700
94305966
14180144
142031856
86841709
211303491
2420675
36326972
100032338
94584242
71754041
100128341
1208999
229769661
89706824
193771252
184589188
114048927
26745380
143678292
28057521
143884354
107325990
34741006
103265026
32226422
48015569
96414822
196832223
7935008
887207
250341539
155785190
155785623
155785173
155785203
155785334
28922806
15908702
155785702
196544984
94305992
4110127
88262140
251749474
143921683
164568307
212261321
91247438
28884543
107576070
168663263
156645981
114783556
83931542
91630645
149574496
76497409
3854567
136462914
10021956
199683784
121553902
150003459
800284
118989215
118989387
80368064
151708044
103264928
202664282
37551592
188383673
242091986
103264951
193665935
156299579
207956880
19776336
196480581
77241955
1080068
193665926
155351280
7578609
888381
183312590
113397427
849950
188940894
94582355
207896998
144960817
53918782
153545770
15099082
2089883
2089173
94306311
49302230
479908
144758057
107179227
54919212
94306091
23417912
7970016
216897569
17009277
114048366
151708921
204230534
176769908
188489017
50217960
41375331
125393757
94728513
32226697
32226353
144342889
39172369
146380643
89613164
102378441
177212428
57756415
73242058
8835562
50090117
849962
158095553
171613290
143884382
14810346
136350461
102797365
132206035
127167252
14132955
202664267
262526784
142031617
103578864
47100616
109343925
4065647
4065641
102379203
203999600
158883266
58341456
208432181
1197345
1457773
144341866
149656550
2089821
96437427
155785326
155785216
155785213
155785212
144936783
109772862
109890577
76794979
2089145
77706411
247249486
84211118
71753947
55201582
123861768
250565488
185990212
111579849
54635343
1084418
102378425
199236297
37156224
144756297
174652047
155785436
155785321
23306386
26772463
182546177
155510621
215160767
45261364
15722489
115105190
92553473
165701268
114037861
262295338
55159980
1360087
181183598
180963487
34738807
196480370
15668699
202664284
43112727
50217889
32225743
262757696
77155610
202664271
48014356
14953642
14953636
156298976
4168825
96416225
66468644
106869988
32226453
247775139
242101256
49306240
103264994
73278241
187622692
192246071
192246081
192246078
192246039
213527811
213527806
173889117
147918766
131816516
182545282
179064498
85553925
136462931
173955598
143863331
6300507
56063553
8001029
173889059
247017018
157567968
3525979
247017041
247017181
136462905
107482041
31525840
114203363
115096261
16173778
27651303
31129309
121625877
134332497
72715508
1457769
103259216
43673331
2089193
111509593
9992395
20996082
99200635
53035604
113952087
50097058
