104665398
178226926
262638096
133893643
263303638
263395886
175655989
197971633
201252360
187826312
249227773
209407700
51730076
176103658
207935339
106375446
135459810
8090106
39361637
90577025
55182087
147838568
93046801
70356115
104664422
167221730
2812963
72968239
72081660
32424032
163562846
175437245
242753503
198351890
195865412
160991290
101536964
152874350
114381879
142366920
180567922
17462888
2812735
95861809
229756279
104439270
121292706
225939979
164157679
177186928
141526499
176008749
141585671
136352557
165244101
16164274
148613482
54802627
242753513
17469190
17471936
177483302
89052522
37408153
138608346
77744020
179772954
127344467
82380045
169363868
21867734
263303324
93599194
74025258
44593099
183315370
157944799
111253302
114380935
157520063
111748706
138318156
59227380
85011947
180567348
131254457
104050175
182747079
70074502
82914882
17493174
118151570
118151626
158112310
179772680
167655493
14815199
165237019
69517329
67682483
44591613
99341620
252839927
142366465
192859973
144962391
180567379
158815741
73607567
133898366
95703907
176008870
157636442
113558927
126518655
109434746
181247581
168371974
17492394
126510015
157632409
249005959
112862401
180567472
101533473
206717624
191767782
204610275
108217423
134498278
93600235
143827823
93598139
120070519
179772620
177169642
177225922
157636077
104664504
25027195
162428087
179773109
176145699
101231597
118155944
55607317
16533577
170125817
194125128
101533584
17465204
128292667
242695252
179772923
120394196
174933317
192971794
79396078
33805588
73326065
3033081
92510280
136774666
181806123
94197862
178226862
93056115
27825481
17533601
72871993
90870167
89612486
198642435
49469380
152561115
121290082
102055047
43900127
163747208
162599889
180567888
20714279
126509924
171516000
139149839
180567916
179772968
195800356
2356673
31601739
200844915
155313359
204557040
78945080
198350940
203397051
177201008
118159354
114289473
176070867
176118887
174921815
132328394
146487017
89201111
107261260
179772764
8265746
7086501
8090076
48938372
191769409
105673211
192356540
180867400
85190163
157637183
67281057
16164570
32578006
23940340
11448438
82380998
15629143
99220584
214589621
121292639
121289393
10261050
33406878
175437524
175466936
101189906
101977607
168366596
85190395
173417632
158424853
197910756
17469684
155182049
124628593
32744520
180567545
179772834
105533693
91421742
67280987
132380885
179772715
174933301
32495131
85190606
25904676
175991208
104665835
176070808
179772616
174220380
93601270
102262052
105376013
91547494
109310583
134890155
183750377
2812701
68961249
82380713
90619096
88979689
74261410
129728281
11448869
187610462
51063972
69834121
8264999
212240880
112863023
160753815
121290640
163564486
143828525
132261559
101530879
155194222
155180158
38579971
93050978
118767919
101189842
12873344
101535580
17464434
126676870
105533724
135459737
105533649
180567444
179773185
179773100
126509154
179773020
184603856
176071414
87478278
17473623
198698057
12710239
68186496
142994871
95862192
89153500
74610490
85008539
68962303
104671824
114937400
108566796
90686554
3928089
50387273
80701190
74608807
135459656
17459625
19824973
175437511
193922307
148851816
24950932
25270712
39307452
129404538
129402338
58669121
196280306
96224824
117083252
129403149
110896894
179772810
179772862
167812944
179773044
179773242
174933316
112928704
197528133
176136617
162164547
17471608
17472813
174223492
152523492
124239432
77403127
20494323
151423603
179772890
58465188
96384231
12710511
150311697
25886614
2812843
185842035
58226266
73103772
72580550
108566883
76215849
74025941
82916248
74264608
7809505
84376519
129402265
71944650
54009006
104661938
203207944
143359625
253411035
163313185
138029370
176137764
166008239
85393708
174621867
177202074
21974796
180567533
85011827
188951953
17473667
86725687
129402253
51582773
85011964
150312343
180568114
51376279
179773281
114292036
126868901
162128441
146483427
16556258
148000654
111263550
213930172
160217404
174933311
180567394
9825060
103351754
242725877
124208327
44623229
37744500
90589062
34669331
192428956
7758359
195866080
158892851
204610581
198351154
151544848
121289180
72957474
177783496
243258806
70893168
93601820
178227125
