89291759
186542759
174299791
131416995
206245889
175993457
158659028
183917384
144125641
75659355
174296940
134386996
168811714
126127226
174295839
98157164
114325408
114316517
83857504
185505921
162865525
148679803
140151003
153470738
105328466
176384840
197834761
140175305
149683953
134386985
117081514
176420135
159055571
178482989
167909243
127050402
128338356
114314218
198123100
225194867
88020835
162832755
141587093
156936835
147981578
175991346
176400277
134387989
186547206
178578160
129869514
176420005
176402177
198543140
130566607
113064334
127352731
176400331
154729402
113410868
141536589
149684587
126345907
90066386
205239597
162832769
148068403
111332826
104705231
146510220
183684483
176292786
139530735
129392857
193719753
177994187
138913158
174842700
145030152
131523111
209171383
144140701
117081414
176403019
138491737
189557557
146515389
176400146
154784473
178482122
157206405
134389448
182587852
169348271
137666449
134389008
134387591
138563848
149683886
194343310
191126022
202007132
206245825
157412815
155153783
186542707
129869134
176634651
157414714
113418335
137971655
176370891
71656020
183052937
131525417
112646579
128866046
114334485
114320298
197966550
129391496
159052836
73121597
247268188
207379025
88020776
72516328
162865627
141259242
131396456
136384235
83857411
150879364
130048484
112530475
167731995
72676774
175990148
97630944
205305796
91836339
128868359
109408400
90066391
90066376
156936162
131416491
144141063
178577687
178578114
115132122
134387399
130028752
140175530
109409575
198543882
174296965
158138682
134387013
137667413
131303157
130048523
130028731
109407998
119321024
138560180
137667169
165044596
198543718
165926012
90071176
168833081
117082837
117083657
182135761
182134178
154785145
141536617
171682302
130295428
176644628
109408742
134387675
186548371
160560833
157414138
186542741
127662463
175991083
87411430
154785711
102262057
105522671
112654554
139235901
114320379
112653847
114314584
114328470
133609226
198544612
113414008
134388258
73222229
182967372
176598008
191151075
99143011
130454325
136395180
137667210
149934039
181806608
154729320
141562545
145029785
182135452
130028959
174292697
198543129
202785896
107902842
176384909
181899932
99838520
183917389
189655744
190239884
134304890
193131637
134389162
181806667
137669970
168814308
151842805
136106955
114415829
198543641
182587931
122236594
141535177
81851172
130028968
130029809
115982001
249254443
114331275
154730903
141483969
138355892
173539418
208070329
200720876
114332166
143422629
144124737
157414727
190512610
141544695
137667631
72011648
174299793
109358815
183917302
109113908
115981954
141542638
146515325
100489759
141538076
145029513
169685591
180397385
180391993
193131824
129953711
169347661
130029592
83395953
165145583
174294122
167683153
165930314
84997175
140176295
183917426
174842663
117082527
181804365
129869104
160560779
157414347
176420095
182144072
182144361
201891605
130866017
130048904
118593580
114329095
114314290
194585297
115981935
143425129
117082872
208373519
112139302
146268122
171683633
173084264
205313224
190512741
167492316
109139218
174294306
117082624
90063544
138307044
90871714
96305902
109358888
126347140
114330079
199645177
190240922
186544928
137667266
186542666
168934192
185505914
247267559
200619246
196812300
174377098
88020724
157414409
183917281
193329986
138491813
109417019
190251271
141562980
100486742
176292713
177467492
177472417
175992710
174842641
141540164
202880615
99488976
141532287
154786368
87392005
79461248
154995834
80935562
141531836
202880980
176405295
189657132
193370461
198543571
198542792
194212088
75431953
182843010
174296977
157414261
157414140
191521112
193589982
139952764
154786781
114321800
88020715
109358830
90873744
90069273
141562474
176402726
141562765
157414530
126345150
117082977
72012024
154786027
140175580
109410071
176402714
109358398
129393529
177995867
177995381
154729128
170440472
134305239
89841721
192381561
176420037
141271716
141535730
114239505
114332075
114313766
91753780
173842574
178585496
134304546
137668525
137666385
109411228
140151265
169347905
190320791
190320685
176397969
205224603
252585610
190340149
176400026
176380482
192386495
199176327
176370836
261021339
205306111
198544413
190239460
105258402
190320671
190320769
169348742
186298451
260939070
157413046
201936674
173626863
200720468
252295945
144126242
128865963
128868283
182143929
109406908
168819288
181776306
90063658
113411052
186543211
160560792
144129748
149683929
130028723
169347937
198543813
198543240
183920604
173347589
194395824
134387982
80935475
105212240
134388593
100492037
174294309
141541636
185712983
193719722
126131721
174299823
189654677
158221029
143422192
162771851
196812476
193439221
142155869
134405941
100818273
169705129
148052523
95893492
154855833
202558499
138559980
138491701
141586451
154694800
152087869
149683889
109418450
100485863
174294088
136085827
169348916
99146680
190154436
57306883
99145822
76600767
99146132
145029320
81191541
76600761
217689869
14231864
55653986
99479872
73826186
153555045
140094982
144273789
146633355
147689541
73089824
205644398
218742625
143159016
212461628
76600704
91936567
31678242
99146096
108358972
13525592
73207595
45053643
67976244
13775400
181985706
99483492
145029737
104060682
75804107
175550899
99487015
73293906
74003228
186633127
21146655
71560239
99487388
178832588
99146243
173761578
217653940
90947368
72867982
80653989
76600885
104181025
91951407
143667729
99146824
99484923
76600452
91927604
19766429
100834327
143669996
99483289
99481420
99479023
111586079
99478769
99146053
263080686
263078972
132017372
44022829
58958320
