249590638
263274083
252804024
253220025
248797286
253310695
248761280
262460282
263055921
262461917
247681671
242753458
146248682
171546908
174383323
248717031
133577635
211012962
157212358
164535051
173742742
213972390
205081308
144233792
87883580
187141613
71061454
113490127
143174591
155015434
201127152
186564098
168696984
153368550
139732276
201518184
187725722
88599518
201518244
184094125
211278452
197805322
252755457
195676606
52592398
162051859
215244383
49719440
53069389
191389748
195859329
199269527
32614026
197539001
143274702
132144117
162162188
168235251
181378944
184697580
367204
249746506
248319245
101001048
184909102
196802693
198577688
210977663
197552519
50745508
20445205
172218982
163169891
190586843
210430958
83689913
206051975
194199078
145425139
250098084
181779356
197410052
207239047
195127459
195096547
173669419
249309670
199962590
105795343
199240699
121740606
153368851
263109100
192795314
124650587
242663841
254021765
211949512
187354196
89643382
162051814
58447307
161892502
153584781
168097803
116350969
132339759
207838986
155762534
132105421
250972058
159974653
151525631
196802691
146620591
132777880
249611339
262517659
211104349
196802650
145578632
145369614
85671607
249289415
200918982
252759532
183070402
251007896
263046775
157409687
263318454
167351625
174293169
253227617
210946639
263466613
262462331
210958448
262021961
259519457
263449854
263586550
263196582
263119831
263385581
253410405
251002809
198204838
259520283
134794348
130849251
127219206
50367279
202496022
134314144
249893637
198296878
75312780
35861947
17911981
48654083
198100872
196232447
103576981
122431696
127219138
214789516
201375556
119252530
125659001
129625566
112019527
206669571
208178809
2794583
126522132
123647188
23785045
106003634
253308480
191390686
140987992
173771927
230200157
140523844
2620311
106032497
186584108
72684867
197835102
193896159
128589794
147341088
117308401
90502574
85085404
155762624
126030663
61405758
155348558
199166194
146649465
134794345
149384230
129716125
73742706
127994314
138190097
126522975
198474781
139989888
41228993
129639516
173554876
128790309
162583991
188658156
121082586
40264770
105652033
128336902
182547908
213682852
122193146
202379572
252591414
198364441
36681692
96073154
128788243
206669549
155762388
30987209
130848981
112621308
162584057
198364721
188701517
192459706
113909269
127992196
116367792
162587092
126540763
90368325
137547783
262089645
194004210
108209364
126131988
160289069
30023697
126525671
129644087
198363636
120339074
129411930
247401565
129624980
143302682
192459389
191973693
167043803
129417743
56706934
103576942
198449358
139294300
102736446
190703203
36494050
129417168
77657171
155761950
198451434
24352724
161217451
129721335
128792710
140992063
155759545
54621151
137547797
243742239
128112847
90735354
193055683
140546653
153890862
108891374
155760060
129410210
211948795
262089234
123128891
93255463
49730339
205285825
217527535
72510606
13414928
20035696
208679787
21408866
130863047
179142286
201796386
242871976
93065034
166563924
138076713
121748687
115524622
199009042
199631719
123140628
4526533
138480195
194861941
89675511
89693508
252645303
101422872
217527206
171869228
70183201
135061316
93082638
114788458
262338490
72669748
20211183
215543403
252645023
109638375
130742644
126088470
116596790
252644507
147919459
133817386
128787802
126533224
116734716
94091334
252785714
109958980
96126111
128787404
67706414
16741841
52091422
126533014
198644559
252645414
18083301
107682398
72475988
17949654
75368530
133819183
23122276
96609805
185190035
167147487
56754404
217526811
99626545
120523038
55695281
198436486
72672757
201872180
94763645
109662168
252644571
263486349
195339373
126562179
155563603
260859559
152568385
252102860
172142354
217527977
252645529
214894331
152550242
257848360
258316033
242162365
217527426
247879130
217527356
262338392
263348326
252645593
142006143
21761212
173964796
187722387
108223296
43334061
134355209
21173508
127045283
108882946
77155455
72505897
123131469
123128928
179169586
108285780
29172477
129849454
143915229
146062469
187722381
69021186
77144447
77149608
96480323
123128909
108151209
155252678
175147230
48654945
119266765
112280925
52408711
178761058
11385321
123130881
175110139
117235805
21612362
67627900
127052098
124274716
96459752
178780416
111821359
174070489
85241326
71063241
33395072
50465839
88003263
178768204
175147002
175155746
81776472
67237259
67527385
71080875
109652493
133258207
110905367
101739579
174829808
87730496
77149341
178767320
175139226
178760888
29164588
123128953
122317025
69020876
69015157
117498531
51982903
123128986
124275556
71081590
55614799
39335507
175142661
187632369
57383801
113557749
19737671
25998604
144183080
134355002
99097791
99144898
144203742
104936243
21657425
175143346
137734628
132361544
68856913
103623839
194034347
123131327
150333055
11385477
29574443
107088587
123128996
110287133
123131318
108994588
93712746
80876791
107090900
105087197
68482891
174216174
39028774
77153542
188447169
86310859
21610374
52172625
262888550
210164212
142766879
253076568
204291170
138339825
199730889
167433084
141317974
99944154
208192784
253356911
200002523
210126008
93022628
8358087
196149759
121795462
204282985
190322420
114451170
21175827
197110249
112865322
29168386
116801053
35180824
137948844
48255050
178534522
46131118
201670449
36758546
94091446
98065254
34288062
73293365
56868724
155760788
55510062
113966631
81639689
167148753
22448851
213710265
94535267
203872087
111679275
117213215
105653965
59284910
160265870
161939167
186618199
122029681
119915028
198243872
22611741
92744451
45474352
188844856
44833127
35766845
98065272
173125854
35344451
244306608
199112455
192376381
209906087
196148878
221811860
184235708
29269785
197109573
36783825
199547208
199542648
91291866
72711534
34681736
58861997
212920893
67544519
193107410
121973082
144973684
72507503
123131406
114045170
262870486
217520594
192452405
98065339
26093617
199144687
242472520
28938707
206955124
109161015
118053127
253542012
212319536
199683646
96336716
99717247
197497201
121367381
209906050
94535109
210164285
96336113
99091198
195649457
66953148
157549273
30988829
251547854
176645321
119363074
213559287
142315286
200002459
35165688
56319657
125010666
235532991
178724038
118998141
198452157
89052529
52284850
120337786
94583431
120339438
35453667
157549191
116798112
121604006
121604863
35755071
195918607
146261716
249112816
186278383
99397144
106419610
121496541
105608745
143822104
130061046
200985452
