32192615
241600916
104710639
151616047
17046694
113098536
175787883
247444940
194114904
88021452
252862481
192355215
249028169
247444313
121343427
180290331
141088861
135523743
12103091
155230429
138030038
20918878
195722840
12450355
22295013
178250481
10681067
14948568
180390889
169777057
190703325
194122882
78020342
184517099
215592125
152897046
55860293
130619230
214759222
68864321
172500255
45329954
105674106
73099898
190108520
191292359
179439182
11837235
31509765
155190534
183558328
55596139
110013786
90061400
109837124
10137885
155313327
143153440
172493156
110990867
56801841
199126513
198111583
180394425
180240083
173761078
252859380
75789206
40889253
69255924
174894828
168323904
181402246
171760240
110984363
141581670
111551247
2990467
158647288
112506256
188835606
41870574
55982947
215867979
225202886
10172970
164598166
214920100
210949811
12103070
105781949
20919009
40820864
146593955
120542068
205019240
48096347
246855477
50690103
114381946
113339565
230202359
58471916
9969888
58441770
146595300
106305146
230237501
109836384
10173033
130624724
204081853
151034403
247298607
11837373
103363306
155061355
213864388
207037891
225970218
144452716
76135994
94198441
172492212
49867679
207416683
134844135
214788145
198568065
216343223
214504099
241885606
162057852
54476695
100511256
36386251
111551473
191929046
206330905
111549568
93045791
114700922
58561793
181132713
76682836
210943179
112052377
14511927
147761078
173766533
140213261
179980690
100287951
253233384
169116330
146512342
183270398
52064862
146594587
210947035
184314908
57023880
157026342
81094303
249242992
216903601
200728720
104420056
2918905
68785192
247723026
201777804
67529633
177318643
31234459
194176901
10173257
76135284
152897903
109836266
151978037
105616492
172500230
53447472
11837382
183056862
203494457
192355485
199549626
192989381
192153728
214165773
66744158
118685861
10172954
38085405
151615727
153857925
23623998
100901535
189226821
252006849
175656386
214232181
217480628
166648850
206662824
138116943
42777475
20367504
76135628
92714318
72563639
119221610
118498013
214759436
129819357
208201528
137392913
75370393
77025908
73100059
101615200
20497122
22280841
190681530
73278204
199125031
127015121
199706408
111418736
180996208
187585360
183558297
50273505
9861663
183556761
54034304
105137896
113418042
118690183
181402435
59139927
145176944
78553196
184687011
191821034
163812784
138392312
135514853
242099966
79754210
90526706
129819020
151034040
49006555
254140100
100158601
129332746
242618134
187414016
115325711
100487130
138123542
146595049
113412337
125040150
187865202
108102588
135523318
52183629
181431243
253482862
198289212
34434292
182729631
235880402
183744534
131240097
111549682
197162312
17943484
72298453
3062201
209123944
104707783
11837339
14845370
185384313
19832148
145290120
166107526
193172680
214666225
122241038
215848136
260819568
72214539
109409428
154900765
120542012
19604982
205219940
92729249
136838562
135112626
7604530
95583558
114878948
10639760
10011509
10172806
10283086
163022797
205058840
189642588
249241746
146769532
51527610
170917691
36382373
2659961
56313425
108505048
97681133
248994434
249242908
197353836
177979483
173757860
183558599
90642341
185635726
185443493
155793861
7543425
25420875
25420860
70765558
77094165
167446319
190460884
9965457
219206628
189181218
9968477
217131193
250063002
199243600
214666294
121286530
155751161
201160879
191545803
56761696
115925724
141533482
35576766
111551239
124239623
93086261
164598164
206375722
164598206
71060093
136839214
42975950
111550610
83676802
192268965
36022520
166529065
109194375
113425703
1951337
15058448
195271268
52670443
183315373
57001922
214769603
115873745
145289628
3074923
11480355
200927554
198932286
187671131
159004180
41246020
195480469
155269857
202063846
215543711
127868634
247722662
230110763
22456723
19510090
127868866
251928736
197625526
21744433
242616825
12122689
76470641
68249346
196206405
242104615
114879028
181919633
10680840
114313373
201877940
125021757
3678847
158601952
49097390
65399815
192794791
11592910
180607346
122240545
215901358
190864381
208680740
247448801
113200451
188552613
75438549
11696987
98133487
111824072
128934303
72026846
181682808
106654222
158070662
35008420
172500076
98058250
76682926
181186404
217364954
195091360
216903469
193717219
84819664
197497287
181920524
217200305
216385225
207414256
129336121
94104765
2660203
197027194
191740458
93226196
198040714
196839614
249457560
136837388
194115423
162371245
186319312
168367588
214752640
215594966
191821982
7071479
183560219
37509480
183927450
179981983
210948676
108958545
241600875
75438140
86541852
20918970
115905382
225912021
146595797
95137084
131238993
151033750
133893287
190321811
99864307
133118799
191725949
250456133
191124170
164240230
217520963
78578178
74175071
230123153
215902114
108151180
14994177
33569775
208094306
78847184
113098271
24437568
5524793
115707314
124239111
58459643
20855212
7981063
109835832
225199917
255302256
159867768
185591424
49457739
192988437
197092049
74914927
198289269
183060235
105617733
168323833
135526073
7470553
72597807
11647630
21102828
70969103
157026424
165058606
131416678
109357141
151033905
110202713
251263140
197327639
55706394
10591365
55334651
156281711
216464048
122240752
191516439
252764034
109135441
196837664
187955238
95583081
17047271
103753160
174894488
229765045
