160902809
143833523
52878783
31324595
117903340
173355607
73498052
90065868
74280688
16919594
193419930
131523109
111668417
111586414
125415353
42608991
79547085
44855408
67996854
151844354
20560474
193425497
126298100
109359196
129300703
117901757
102572619
22550650
78542083
249235578
117153934
57979142
134388322
113066391
81929086
122069705
190153760
184466866
157823083
201116146
111193800
45480982
59071126
46636388
249248131
77316514
144463220
203207728
82514193
179954536
158790305
86249570
23464722
49268988
208410791
46144017
165678681
48252773
114037921
171938925
159646335
86867684
117832675
242618109
96595803
54158651
81934291
69184008
80633433
190889685
26091790
148605725
106605704
85256024
205713374
6879031
67429010
111038750
82528825
117082607
36274711
177922736
198074996
148924516
145406069
118330109
169347707
201623771
161905879
168818403
59074904
145763218
148680632
21972366
193431074
1672563
111586699
57509341
208432186
73668829
19777718
114307159
76402270
184310566
82513963
20824499
86252612
40717236
51343037
106378442
77081487
40822944
117153848
202997414
67428731
193427122
193431711
193430450
136773256
43840989
196854893
81934078
186523086
109150516
76397392
173325713
154998781
134883499
56830887
115593847
59428866
194807105
94774879
117154489
74689971
149642389
175836152
140175995
113064703
144381299
249250147
125383626
171097671
71978384
169093420
34395894
176634736
48054239
145610585
25145672
186141949
193425292
48055521
25931232
48052995
109359564
38164601
77242923
129397971
102387031
40344322
140579637
249938623
249169176
58587581
158899505
116133262
20824544
193425373
193420608
201115131
155395169
97482304
109843490
7600618
113116364
44180365
207753345
111665049
109409684
121798554
140178205
143689296
158790521
71520558
136961115
154195908
42832033
81091989
6367753
28910134
96933674
179513521
206399647
129396247
146512692
117083276
73862384
44891403
42832555
106882693
151556412
126341542
141366110
6879525
68464249
32722425
171036221
171619574
141280868
125751292
109359125
151800486
161501828
67406917
136960921
107902419
114194494
114328711
253139960
109843031
199646083
66758097
86868118
76402265
47680652
110152432
171686521
19775682
126689876
72036917
40773126
154908670
141544013
144131856
214691336
118589229
93240059
186542681
137668200
230201343
48960777
176402753
140178785
181111560
90195747
141040931
147940978
253700528
76401952
46640497
190681792
67676968
163149157
155326876
109574783
153360283
159817955
51420976
77109845
191276358
179715776
158790272
18030159
112646755
249248142
68508824
72748071
73496981
130866086
206795301
175437576
67501779
177922968
102573065
20824720
197225533
86262939
109581865
207824820
142547893
32415526
144382056
141040825
44314973
67505314
51584471
19748755
70654842
114324595
76396625
145610114
66609074
66609455
183113531
162538204
173356599
67398706
177922792
100149563
117605476
177995865
20824602
181713542
80631382
146368942
115096048
58956122
73752159
117083760
103105696
82993129
114022391
71979929
171939108
262051471
145660183
176135467
73669572
114207466
12672530
69660043
198303849
41267696
117153963
40952705
140522004
194445297
59080082
73586361
148090558
50594948
208442163
201578947
193421664
193430785
193424149
193425466
67401409
79721559
103360492
107448156
157637782
183114332
206417923
198544408
190641969
207497418
201117273
73497825
51068176
59071292
26313751
144131435
129394319
128276510
159124488
10205858
50571810
93710743
76399699
85256087
73586297
137667024
190514022
48964633
68815838
20824705
151831738
193367539
212564902
102799649
129392404
51380022
55279162
48557871
57893670
93252026
153360374
145763296
117480522
175791337
173355230
173355493
147368660
79721396
183330119
170147746
155395850
48252891
149642711
129399175
143377742
141543699
165904805
154895940
147368847
51634252
127662405
155396897
163874752
80651700
68837435
19762620
48051545
112654277
128276503
249250054
6927817
147397254
128674911
153360129
196896067
124766282
81075522
90885859
14696374
108262328
112653354
129395276
141280636
183039160
214920142
195871090
107452339
118588594
48252610
51407180
116055846
175903371
107451444
134388356
249240318
130866082
51713715
68788772
134389875
52076101
140523203
6707617
117579435
68596032
109359513
53774598
109359135
73586328
79436937
10187267
47406097
150022126
42279777
47406362
72300961
141259058
206817909
212437972
7185321
183038864
117084195
151801517
21034840
46632387
181111444
69301100
86264845
154901638
114293336
48429704
190153779
53994040
37952355
165865014
207388645
87220472
141544268
151831991
48599379
39088060
151802136
102573499
74279669
41227329
180327873
147368772
81928911
57382233
129347864
70668324
111585889
148605722
80636113
141720969
57982908
11722838
86214190
43522653
110926015
72852358
102573953
90065741
117082725
117084630
117081799
128276487
162842538
174842952
141540228
58699438
134551883
107447969
41065835
214604703
174404075
119975409
186489369
86159554
41075596
48252472
214654965
197225055
171938930
57975958
127478876
181112970
52079043
6982757
73420298
46630421
41227503
157117410
46698996
65863522
198788181
158422919
113925469
82992311
58055756
156936564
109413829
135797966
72468090
176292443
151832473
158790564
16588335
249251728
184907922
220662433
47122060
117153774
49116702
141042143
46640788
29257083
20326526
141540958
141532971
201117314
201116873
173355018
152567417
125912136
102573613
169348537
157032407
189942018
14627651
174516197
129398424
167684949
67501917
67461346
153359935
81075006
145758159
82992810
34395154
196896274
103983532
6925731
184907835
220662180
184776776
51717439
58117305
48055229
141757101
192420729
199646359
130867788
130866643
117082884
191576894
214968120
148081440
171661619
36866765
88958959
155232236
52878887
7837121
206795205
201580363
130865809
193422479
193430118
193430399
193421427
107015637
155372088
114056064
55265278
133103072
143915452
67997509
71978628
124766433
81928917
81075193
149450598
148605512
115488602
130310962
32699486
82994062
82993536
40886957
141041824
121798349
15777846
73668044
43439106
131177417
154783694
22293956
205692677
262667345
249247699
195871758
82380570
22543488
48252753
67501118
67182779
14849015
46290172
72332090
20824570
56491888
72302308
66971805
262784733
145610169
95059263
130316068
171686578
73586318
73539922
73586350
72771041
76401880
