188994625
211309374
215587737
157254194
41228949
5977505
999885
207357079
249091286
67660688
109688789
2549507
184638292
157254100
222683143
6570741
259447924
185945565
199901610
72836009
19757459
71476393
193207611
179955544
790929
10063839
127348313
96651234
127193748
200680738
75759418
2289721
74157418
229805223
7430497
193207921
1535105
188712108
195299580
103754837
999891
48141514
249952917
32377654
4079915
2809369
70416559
169473853
248277414
191586823
4382163
208634697
193195969
33392256
153836562
57822012
4670825
90648841
34239896
196856440
189456989
152783818
252560904
200801833
179570621
113619483
197409678
261947480
190522750
6086733
188698686
179401635
196048056
190530935
248357849
249815151
183290563
185058389
176897245
179758110
149567871
124882635
176897219
790799
10108079
147442348
200724094
192134398
56099588
157254002
261825850
68409663
42617004
100298997
204765503
149568155
4081019
34274052
5896087
136120979
181771463
790815
174172378
215587984
230137916
224684680
152785729
222680859
32610298
95473104
77315085
72508897
1028327
36755850
243421927
191426366
46260364
179158536
206996675
201001870
198077601
10969548
72134226
34479288
25954026
242101374
94157842
14109174
52341016
166094346
203843040
203422530
20639362
68236609
16260504
17960309
85625410
19606931
259455921
179510585
931238
122345066
100311372
4353371
179102570
162216986
10925877
178951994
178607390
81204164
25074932
74163428
4080687
260640615
148843059
216226690
193196069
25662193
73174615
26089406
208529062
162584045
214055394
15068599
4259557
11602701
23393618
165789199
252636767
24908069
145420890
249974389
49962504
59325439
177831998
34478077
955408
57140469
76277797
45859741
117929393
42613126
763629
25080115
153979022
76277895
153979196
248264387
213960611
242411247
185949564
79325402
182457894
20207838
211296879
257843845
242073478
165789193
194455105
215591375
183056555
162122682
191948930
19737636
25287192
10168352
42364866
790865
188715975
25052811
177321903
4207995
27730878
153979040
198587285
190547201
165789191
3888531
149568458
2699059
183082008
174637682
194455149
182299006
206052375
564606
198186693
196759727
199244647
197528985
4207873
202817053
148932377
13709224
34213530
14540750
179175071
194461451
16961838
204765318
204765649
58725165
74163430
75589759
35198503
209644205
201631029
5992513
931192
54466015
32492328
42976159
7815533
4210831
247934710
133896156
44234880
70654058
41231232
179013275
192135213
197906608
189317399
40797703
1022913
1022911
246160266
191548364
204008141
180010033
4210677
17473844
96311746
7430609
100298584
78886015
196200577
74549934
171725353
195306823
195322206
34274337
22368425
49132462
196998592
186348598
11624847
15452401
14051668
162349307
103376613
127188886
178945378
217489533
36777177
169516774
165588224
11491587
16943347
2296393
51005903
104367157
200999139
152185151
172996211
181783547
31123986
74157419
43018135
176902480
186279012
54616638
247302991
150947066
193133154
200724488
200728300
148842914
19605681
90469659
221006137
97831217
2229695
253364299
191552919
33261098
203467656
94409915
197535634
127348421
162198914
145092924
108604915
168236513
89750074
100297186
163120570
50910665
34479539
19744830
19605847
177319230
181793791
153979062
205241614
181752255
74445778
242439816
186068998
176074618
197907103
70825569
57135883
109873806
176897243
190522717
164075681
68236116
195853807
177713226
4259589
4353279
174632433
148842995
45934845
72911579
28752899
198587276
253329201
73335843
52592974
16685433
79680239
10108003
28421209
76293452
100312686
100297451
188698308
108965950
55235731
198098844
23014427
153978580
153979061
43951347
4258203
34326049
42623547
92695987
55591801
177319118
214615571
247790505
74442394
190547149
178011882
206270706
15563440
108231089
185949422
177914599
178096213
129147503
76202608
185949119
2699265
109792781
19760134
78986895
179160580
200794390
149568097
16956751
36779365
790841
163120634
42769212
48229491
53750706
123439515
34274085
201118161
222688279
222680341
254185048
189436594
189336385
15695490
57822087
4209833
190514885
77058917
221515620
149567836
136593668
76274225
113151505
29170924
90654918
27577350
43907957
149567748
195813274
196145252
185949033
93936522
98651605
195299635
52661998
19605968
177319083
205646476
162349284
203402192
203950031
186751398
189541644
186256095
790917
74238080
85375411
82540965
73882173
194769859
4352993
149567940
198865692
176902435
116365235
161528370
193104414
116116311
17958255
10291415
10969576
68780688
205918115
260672511
257844940
210435649
257844548
249879224
253782659
222680611
169772647
252950959
251170277
252385849
260678155
790905
257844723
251931393
248654978
263589614
262447495
253043386
253111605
249797437
247793123
248293268
260669060
252008166
262054351
260686220
248488619
243741449
260814835
263020227
263355197
263589811
253495066
222683968
195955341
177319095
253310429
253197545
203506611
213923239
206255442
216264851
7430493
248761984
248762346
263355449
242451722
263256290
251929105
252858303
243099351
230217030
225206135
216274941
262049724
260673484
260107723
203404274
248446412
203841893
248277074
16964215
257845169
248762184
177722200
263558938
564608
260934216
263206884
263392150
263590661
252859912
252858687
243100126
253311729
203469069
260820045
249959181
203401844
212989353
213985697
68725849
195299611
177317318
34273743
4084425
91534512
45859747
25662032
34252371
199683609
212469250
153978715
165789246
100298372
15406041
205577479
847435
153979149
3810091
249963283
205800815
74445487
190537947
189538847
10763368
14815969
165588226
176897235
244182501
248654921
190319643
181695066
4207645
4330973
17960275
190519971
149567950
2296399
163103164
23014395
190514890
19606347
229763633
215588957
198283582
174440654
82938924
109852083
212054208
55233282
1022909
212556360
4210909
185908379
100256021
76277327
122344102
76277216
112621293
10969567
42974966
34481827
14307790
5947165
5946763
77323492
177318987
10577583
49158966
162215027
153978572
35897716
193601018
19903099
178100872
249152994
262833223
208260194
199103204
253227051
122315182
190514954
6086747
201119872
45859745
48621720
253057726
199730857
90654623
4774657
29960638
70115891
94914858
252588552
113151437
181789132
87378225
109816545
83682827
11489994
87118283
165588234
252859812
252859997
252858147
253312238
230082748
262689492
242085192
248683963
203200027
209300286
253197439
247680610
248352009
248244192
257843868
263265509
253427330
253782319
222678725
243099806
252044700
226992022
186210669
56866507
14364361
14350122
102603348
151453619
186120714
121775573
172022322
14331716
122344778
56698895
249952878
166353180
133673744
148007542
107326007
20366557
107615328
91847760
166353335
199103181
191981224
195544950
166329947
20364784
80947083
80947116
57315316
114878236
127670693
127670718
195544892
81139598
159019071
31518221
76402233
166331182
195544939
199103377
20243744
90192256
