249153099
249153063
254018469
242658888
255294526
248173455
248118519
248684905
260668293
251520809
211296524
116301345
210280645
225957974
199992554
249220604
263107812
199898333
262699377
215985938
262857428
263585614
259513677
249997185
136792608
132079520
5941801
5425557
135092368
173867510
97839564
26342727
124658424
44175883
116297905
54809564
160060207
5977571
71720143
197618481
53998851
49954016
148733024
92494157
152381634
92493658
14790605
74011048
216007882
23912074
169476307
97585427
45846741
146946769
55208386
4306879
248636066
135325645
207284407
2229653
217371167
222703393
5977435
29445964
6999051
122345017
138486566
98857524
151803572
151847478
136940136
91457174
208917747
116297668
109790213
3669641
243809555
203190483
102801592
75755007
73832004
57685440
251769715
197623503
206667943
192306190
54651174
187595953
74488168
102862375
195257226
132097501
1939187
5945179
49234107
54736055
68189236
103824031
22098705
170652101
197891782
122344153
147762326
163898497
103674417
128817688
177793679
246162015
82996501
59064237
56213446
68462755
243042624
64328722
199103205
188427849
138624055
36083597
40757799
1918669
122315230
58567095
93936512
77182345
185871762
22055643
169514136
153495773
574360
102269112
75400731
21933948
37942919
20708183
252126412
50347762
34553044
11008827
49077085
176725050
6242895
50277092
57487443
68918303
102752577
138623774
108969618
11119655
30772249
89701766
68618915
34550331
13292423
186157192
24251848
13304543
149567465
66642771
173867591
149526850
199103588
102753078
208766204
5348173
138662215
91555566
168371523
14422243
72034308
105226688
72861906
135056458
6713923
122344943
202890382
149351307
12217478
184332126
91406180
109816492
711126
22170808
54006228
74195510
138662136
52646686
55998568
230081671
119009421
253149241
247436705
189943754
52596789
15736359
81312480
81313571
6778765
58494047
168368975
4090565
151847552
127671170
189671609
8407818
173868327
89946514
179013383
243248421
252073479
135314850
160314954
17897387
141473141
209396458
44155838
5833777
106655007
206722276
2229677
126764454
141473108
10087315
192860363
251078057
50263036
91404003
145172843
117411486
71671714
54360386
122344808
122344619
58569295
130814064
143867924
11084850
56834583
102801897
71721534
161217514
51107229
6713817
798761
147462926
32132323
74858586
110403821
130813794
195774563
77546155
152097552
195257017
89702194
33492353
189944621
70196144
66408252
72861978
108155069
21268575
38496208
122344122
136074114
51952429
14788054
195767403
911093
172682782
14071370
109521343
198886926
3063263
71509352
173867858
121330268
560279
2229719
73956363
179013399
31689613
10317098
217371464
179013405
173868494
70669763
250721410
144513708
56267203
138661992
21165865
72506241
64378132
106656410
138662043
1535109
5425915
42971242
170651254
41096866
122344201
81056698
50779946
77868343
21266406
89701761
87100102
138661983
9266135
47271990
2229631
180103973
115583872
13855753
106806007
25404252
20597476
40768621
89933561
73335875
72658777
19449117
259536543
23085106
190757536
2229681
58298835
183727182
106659683
53792597
14787113
159445087
197657083
2078619
108851509
2229601
10230733
58327562
23466212
12208064
102129897
77547135
15397031
73862449
38075521
245774549
53469529
108757254
2229699
41824303
8357536
199011168
192900241
206232060
191452491
2229621
173867551
181113176
560203
159035539
195276283
13781513
50595760
91405122
33498443
52173015
138661999
103459777
68688231
94990114
146729699
112638251
108851506
145171633
7772936
180598364
79945027
75618123
21520910
149526337
138486409
153495292
35735602
28591785
91407566
10108064
40768751
2809641
78969747
58565194
197775494
41380152
40420977
117405824
54803602
74282112
51699690
7091529
14786352
195339504
165626142
122344745
78918495
89702142
7734353
58878768
33792609
28744280
67674692
16257346
2436169
63194628
187011379
36209394
21374420
133783078
195276332
11248634
73398858
153978890
80047066
248701865
6623989
257780365
47267440
711507
42361121
56843274
205493975
198957154
188373975
95175079
177586936
117407107
49866856
146729316
203428500
97018251
102752959
208740678
103458002
103459962
117031587
101236910
44329825
106654831
21863155
23393771
7457431
21572147
174114982
173868633
29609139
102752536
103458614
191777799
120438008
8739897
103459852
7771354
147709107
172856755
207341489
14615679
3909245
116415965
83683119
60352375
102753080
54159671
129147441
75390892
54550045
188997971
165280631
36730536
206205238
25055183
44155794
71182204
19638792
66824319
90485129
61277093
46323884
2079265
2252991
4210681
48508131
1022999
1022997
68749889
5977509
67204394
182967322
177713236
188719601
247829661
71670941
112141011
259455987
50693817
252560775
94416331
25953800
13118581
4258229
44216227
42644607
10773118
108890093
185002979
205924124
78551158
20238373
109790335
999883
45114106
193200638
159439100
185396947
89703282
67222707
206668351
74442619
184999934
201829135
45300730
104838748
51101403
247808964
200693764
200687056
261948039
208374345
179013515
113591736
113151408
162227253
100301067
42579416
14308480
76278300
149567533
194418889
162349278
22362177
75753822
100309218
210431485
163103225
205722436
229803374
185395286
190539169
15375514
185964961
182967401
201009058
71693858
190519964
151611970
151848724
83682796
105267440
56209342
78878492
162215525
242090593
19760057
253358368
173764831
250015583
83677478
153979213
67446707
2809321
74461095
90533052
242504242
254184944
50278078
242634398
174256411
15449945
5119899
208917563
253409773
198243944
197907277
10107993
73881263
134817677
188115389
186364709
106745787
151696872
78969771
224673828
4774595
129586504
56203113
122344906
162215338
185959480
79325398
38312372
80978524
74157421
164595606
