158153219
178600165
111404186
111402739
141105742
85079990
67019020
20697640
41523218
20618512
20327306
20402431
208107233
124628579
131184259
197222752
20697618
131124920
90744831
64233928
24492126
67545373
111404568
13525738
252675462
68141327
12705518
34512403
12705516
68141323
15423590
66687468
73610090
19395510
12705464
126728648
19395498
261803525
213674761
37137727
85256218
198244042
195814306
208179539
201110704
190863115
186689776
37061979
37076837
195977542
164947840
197084613
198090570
197656158
155232458
155694779
152098891
188489132
217563886
247798157
104209062
36884684
124554843
138307194
150184945
20697620
111711301
13288698
116593398
20697622
67018752
86131268
150185062
66647632
86129884
67573263
174606555
190454155
150184969
15639699
75360461
68698173
75360424
128276421
213959808
126815819
14364369
151045663
56959947
151045714
9824219
14319931
155395441
72011240
86380484
49251823
86380490
174532927
140523345
207226153
6017053
19589060
19395512
248589197
187366563
235854893
159396524
198103407
82461235
100257745
187367259
208179579
196019559
195875664
37100562
100260902
144771746
139497987
217563592
199235028
202020594
186689319
186689525
34512407
11531237
197356203
131124381
20697636
86129154
59148348
19395522
67018786
20697646
111403452
86130719
67545389
86130035
14301497
178599281
198261922
68141337
104168810
188487900
196288489
29769173
242087401
207303211
64308501
260938918
260935640
263116984
196153471
196283705
257774572
198199786
197538399
198942296
201389045
201359131
199239556
199241584
201358844
199196920
201104950
194005248
155236261
217563708
217563453
200939873
201000574
198307257
197664956
195918299
198824315
198431099
20703939
208771384
207207063
86380488
197638083
197654554
247423693
197664806
195894635
198245793
198089161
197847314
197747848
198415011
196022923
198515104
198510447
198110993
201358351
200938505
201106718
15629075
20697612
67026798
48213621
20824505
9360765
72011237
49251808
68141333
11858045
196022459
86131435
20697610
12716053
28476952
178599290
91933044
181985563
114896123
197584934
188056091
195948697
86128967
20697638
20697642
48213594
67021129
86130875
151045525
67545399
20824454
34512401
155235159
194004043
195832446
195924978
195979002
197143408
57878532
173704270
20697648
116593378
150207600
111402585
63848456
182468284
37135004
114901274
20697624
20697644
86128593
20697626
111403970
85079211
140462265
9360761
150184942
20824840
13451543
104520701
30740705
138207299
145758682
9823660
67545381
111157236
23246370
88197588
46694313
14244817
12378537
12705460
34512411
73610106
68141315
207388501
86380502
86379547
68141335
192219359
98622716
72011248
19395508
150494070
14272841
104208023
235877607
176342496
155265655
155238594
191149392
159018136
195948378
144768870
144842325
136780225
37096146
36988786
72579993
52637943
200929113
82461555
195814843
198788066
197847226
188492001
102531428
173424031
12488591
199997000
194199323
194198359
170343664
86131378
9360769
9360763
68698735
20824529
20824624
73610104
73610114
68141317
196975165
182468068
197089434
196297275
155238769
155236434
155234318
217563480
201106363
201364829
201003094
201033781
191789369
201361172
198791716
197602229
197655262
198111382
197658038
198205028
197658180
198508884
197603349
197600255
197658343
197661133
188492878
199179144
209875179
216335459
201152982
19395526
12705478
184327627
111404964
67904732
182744175
182743667
59133408
118137870
3073221
123575597
150184834
98141966
87827998
86131418
20697614
10607995
150184874
150184992
126816538
205412607
184773538
103701895
198261915
150999425
38119184
23246366
14319929
19395516
16036014
161367223
48279157
98625509
72011245
73610100
157152307
68141325
12705462
49251896
46694197
207758506
83161649
82643954
205304242
152097895
188050048
188509316
82457641
100262539
217563684
37128925
203862904
202020543
145461376
72586407
52645932
173361710
197669175
197142794
58487752
194207787
67539483
144610516
177914750
178599276
35167200
20699392
10674157
20633401
217183705
201111040
199216931
207308851
184825366
191892537
202225381
212425742
253749860
242774237
198198401
15700974
253313269
198261464
86380486
208106846
207758520
207206926
198589272
197602863
197635373
196969889
197663286
201110539
200947196
201033115
198419496
198952316
197603012
197553118
198866253
197091616
197636159
198795232
196020217
198230095
198206264
197142383
190856082
214992641
216332861
198098870
207302755
184772987
9360767
151046171
253313392
210402352
208106739
263066905
207301923
20688901
260113102
155236408
249663249
247437355
217563809
201390544
201107335
201033442
200998919
198240069
197537975
196149795
257843604
201015582
198305012
197552546
198509346
197747353
197670528
197989830
197600404
197538519
198334655
197988656
198941867
198111706
197670079
184786120
213876348
86131390
207758795
194372735
85079842
151045790
253312892
13334299
67677078
248591100
197739823
197600670
197770956
196287938
198430815
247317775
198087919
197370234
198416482
197635023
195979891
201110844
200934933
201106556
201036423
199243832
216332059
260937715
86131206
201041711
86129704
85079694
85079765
23082624
198261521
230126240
212329160
261803088
82644376
235877484
16860303
84466095
152099484
37157955
214845147
57809396
71919755
207498439
197750164
197899833
195233310
170499090
136723083
67906397
103983723
155391493
91375060
153772839
106606659
104164580
145454789
121305408
143159255
100598613
104524214
182313318
155393524
158664629
56380677
99490446
100149557
121646509
141535483
140580020
197731646
3969703
83517848
52065765
125751683
155237340
89051348
119250519
109069083
207497952
109394154
254037665
128276471
116320303
122070029
94773455
56814648
195236776
180390422
24354974
94775194
56364101
180390248
84460779
166401091
155393479
67905688
155239988
119275099
121412003
52264278
100367388
28042908
99490273
29566271
81713964
180390541
195233720
177014159
147442743
100148328
11668481
24826903
104925513
196174865
100367932
248252091
248251212
106459587
182313655
178776065
180390335
195233588
109681372
58956394
140461910
186072104
131123560
91374676
87019784
73675246
127661740
159127436
70862660
154258613
100265436
159018110
121412262
121410854
251281772
155233665
197907384
185902540
113065202
94773294
180390123
182313436
131124698
59156493
39324497
196372599
98147166
29566199
94104466
184777668
79722551
105950294
155391215
174855934
180389830
48591554
183041800
111984389
71025027
241225016
153824693
183284195
52780331
155232758
125614162
69222528
3031083
135550881
87447104
