142245440
127357238
153416233
72123192
173907801
169331682
182545269
19730867
166001609
169936415
136465359
174198690
132776204
183690290
180029970
252387715
141267538
177703919
215987179
229984369
29829753
1552075
187593302
2623507
41877399
166461712
171666460
77664001
166391786
209935830
139491770
146784645
145389002
161217908
214873536
174426923
173910504
208890252
161218073
147816502
166461545
139491705
197859030
174318285
6943263
142386086
39644661
195229441
173538927
214840958
161257649
171702876
57705193
143399732
251929870
13408736
174336789
103265013
97823894
149766009
73372929
214584380
55169478
55360773
166461563
157824273
2582199
73769225
77755636
234028669
242527484
164796630
147816627
91606567
193789580
214503859
212949256
13409312
154707464
241985733
139492040
174249440
171673831
181153356
139461944
158011809
143399899
144349230
146380980
137608515
139491640
154155219
136728391
41351505
173760354
174326936
127351107
399492
57449705
166461493
153898866
161218173
172940323
141267303
166500379
166461729
3654451
166461536
13408668
144758882
193789728
209961253
153989686
174357738
174347526
174172511
259317020
248394432
171662462
168577711
242528853
139458432
158011849
151818751
143227083
161257316
13408592
133005496
142781755
74915591
97831166
179373465
174318815
189574378
196028154
173539375
174301313
13408459
222716429
171676381
125749988
253149297
145620271
1073514
117202786
242527461
153876567
77058810
193789030
161217657
205831537
248254079
248395942
253089523
208056472
7351401
31844547
183319617
183319627
142834762
160831106
143613031
159034658
157568908
76776189
142316829
139460123
158390331
143171773
83936402
66682654
169936099
2088247
69701597
77663974
143400117
143400230
143400074
158227338
193787780
67274218
144223606
133092261
229803688
12137335
156812551
248394891
90684004
90682703
90184749
12080528
200794321
55270364
19830486
197007873
96995985
143171766
154155420
144342633
133092109
48984605
164799851
171702768
59211427
154155199
242526346
153989954
193789574
163029675
153898943
234029070
242430382
171861070
216213789
90682749
214805952
74769752
251475312
122909750
19830504
181183570
200794285
166461740
2582179
143291666
168461811
169219564
166461488
2622009
148716707
143667862
131392535
158011720
161217955
139053843
177947326
143399995
136154865
2086743
169935846
242430399
209986266
77663948
25062271
209996636
162109303
248176524
90184691
248394592
212559335
203293824
203204707
201852743
71543367
399545
154155393
142316834
167928366
143227909
211306355
161257409
191909670
167419323
173393804
136155806
73639127
142781721
157782101
230366618
39534824
69701611
2086681
137719083
141394257
250373836
97850275
248254051
216372799
87533401
202802251
197007808
140938692
187622722
205040000
174066544
253276139
190087683
139491800
148077257
143171658
2622043
2623541
5078133
140939808
167382317
145619996
234027221
123861947
44580030
164762951
158227408
167146227
13408702
158390750
136467672
144923504
141015510
172938851
151702645
193788567
161218060
209973744
166502504
138382944
198112342
174318521
74845346
252726492
192952412
235856589
212555962
564671
75374851
195853997
193665994
194810978
119914773
174317711
234028040
158011937
252533177
153898890
177947318
77664070
106869727
253618888
31519885
192952368
196579761
78497267
174357874
248652802
203293803
114399311
169935609
173394004
175178076
2622057
228638351
173903234
59467984
41932993
140441489
209935307
158390371
182556500
137524787
96301080
173738370
184047119
119706989
252387303
13408620
169280299
57398117
57449762
164601609
139491856
168497651
22819127
136156728
146380160
150866059
161257290
160850400
148698018
169280290
166461560
140938691
193788071
197897089
209968776
54917614
3679393
74003149
169935568
181153300
173393960
133091643
2088885
143399926
77664040
69701571
133785436
158389557
145620209
168791130
2622007
161217729
143228007
77663976
169936127
198270918
77557174
131392588
202962228
179715897
75775647
190621603
199538254
25982645
197007877
242430416
59230517
188696829
153898545
174066534
399737
57449731
45322692
165790027
169467315
128724421
167928639
168566321
143227800
169338776
139106048
88191760
136154650
143400008
153273993
114887931
1342625
133005888
161217812
73810309
242526201
193788637
173760310
166448980
69699945
211306357
176791304
196051504
248619470
184056278
35460650
57487339
57398007
57485269
138765754
244331982
32283563
94727038
247657374
35612623
102050081
74880791
19750875
101552506
102379097
2450539
214856970
104807031
168077099
172565055
3525963
107574662
209609976
136540131
215928428
109343939
158226650
225970761
198932928
254127204
4065679
199684481
199236311
142782048
262066069
88992773
113400797
105220389
1197333
253125412
212922232
173428116
186863003
47100006
243032843
130327901
113170988
198934989
248394823
197953811
150003560
120336177
104134803
178779133
106869986
242105976
192881414
96437621
213573162
205515103
4789295
2420665
134332683
117970677
171613042
119537645
76796683
184578375
71079735
185877767
123862036
153989328
260805508
86406615
194130638
144241662
161968365
131392540
87890643
111607458
52251572
94306054
5466525
139149105
89823066
34644870
251513352
94306089
177212579
143863038
53747620
127015470
112729386
155785690
219134768
58734176
143678860
137981418
103259074
144637662
156298884
114203350
167594924
122425774
72225551
4110129
117833627
201917414
128724357
247249042
58736928
213765498
171612917
142081169
159765978
181183584
26313186
225915521
89612008
111607445
83933927
135370645
1215607
111607581
116756354
212257802
76904826
117318219
49652919
154313604
141996508
150179701
67909734
40924089
247792898
121099522
177212432
213572666
56844235
26216465
83933442
76793312
143863047
57956557
108971538
144199391
253889559
107325936
115530023
158095275
25687369
254181581
93413873
152046976
119324094
249035926
254022600
94728428
134332461
207896687
94652992
210284158
188568628
261975792
115096266
164353072
203261704
94305942
198933180
109193603
247017168
247017174
186253586
187578951
27598571
113459501
254138379
136463045
198933120
28624369
196480499
134019628
75401378
204645573
102378785
204309388
204897969
113170796
177212476
76819944
185877989
58888597
77654990
204645581
164601756
117046669
178100359
204063188
153254271
244331970
4822967
147389033
199962562
159035459
87214599
162825060
2267779
117048253
101465191
187593178
114203394
37869703
113400822
83931738
182546306
199541865
1360027
136959511
118680862
114783522
113170788
261975796
151437669
122417175
110575502
117688210
89693421
88999741
156299859
213527829
101253129
43888022
137208364
58719908
179216691
197852527
136462610
150173592
83936609
142030961
53221297
