250114556
246889955
243029736
253179661
247295067
187636692
193110198
142777153
201121123
149390227
192297944
205179852
144699632
205179410
176151076
199572562
198799048
231016541
230496866
247990344
250112239
102567101
249893169
180327435
201597686
179054104
117411801
171197346
155751667
176247588
191545862
176533893
185709558
235733911
149389711
186066497
45846629
217760344
187183097
188409092
187182625
161404901
91513461
171196933
193920314
197978616
205179037
196561777
217865600
112960150
202212541
235733981
205179020
200774960
173276326
182855228
112959706
248402835
259455625
263140628
104909477
1998779
1998803
243028674
243028742
208186928
171321496
243029011
252060189
243026788
202784871
196964456
202882947
205177866
187989487
205178439
205179553
166035930
192558221
161402739
177676991
180854516
243027592
181810290
243028638
217487058
262878246
55783046
247679007
200631006
205178933
208215818
188696975
146595367
230367129
205793216
184074932
191690599
161404089
194096613
29106398
106394679
169600795
67068555
50510585
104313822
25157989
187618462
205180609
225961731
196388273
112959991
254141317
112957879
112962044
191357082
213866869
210275113
248666554
198288724
243165442
249853453
194187516
188406328
192288200
91512903
174432855
177946383
97959869
191265848
179884835
179881284
196672760
235732873
201121090
192814087
235733662
221282523
189131765
193564932
53918139
146594459
215203402
215492615
255996207
205179957
112958952
90134539
246889120
112956161
112959439
257915489
243030689
214735448
243030225
194186847
243042627
243028306
180854520
225915620
253017286
171125403
164223845
251982909
199143192
1991935
1991905
192810961
242696530
243042259
206680980
243027768
180854687
180854877
165588823
143870803
143870034
203117645
202821611
198412652
205181260
205178506
197679135
181562426
241777889
189469428
186640503
192063435
192987072
184075501
230386894
227986024
57731695
200013656
53644142
50450564
182097803
94471456
149785085
192203236
192670107
145252357
103110588
97757390
192839517
120576635
40907686
112957528
145102054
112957695
214254776
225913538
217371835
229773147
188562241
180854571
174438940
202784375
190669923
205179187
212981633
105694221
195691171
190631283
177018313
191265917
188886710
191689426
168039088
215139741
183268677
97765712
114740363
235730848
75002541
216420637
193060623
247903919
90223483
182855276
177756908
112961193
112961762
112958549
244331905
247016486
198287833
216005045
180855287
143869814
243027550
253365002
263114503
205179606
72913444
205179060
204660217
173859753
211948074
51468101
127687967
204560926
15233905
250488239
193237217
56646514
109847367
91502407
204746844
235732463
169615160
192794683
192062879
191689222
166036897
217759560
191911991
217275179
217727661
205181116
169914748
251443441
230707560
246889269
252071043
215199655
146594559
112957054
112958083
112957861
116297470
57760484
251441602
174384733
258133087
206850675
218751222
1998815
180854592
203988411
168356766
194147974
246013170
262392390
253401912
205178177
205177986
205178605
168654171
206636767
194496826
97588272
33557013
112956776
112959771
112957180
171153186
90207385
119418803
121334555
187217244
112957607
171197470
112960663
112958512
42977371
180854615
112957772
112956965
112957277
8070911
196247634
112958287
112958014
112958668
180854558
189658184
112956731
112958149
112960676
168371474
180854667
40799483
227986255
253354536
215203195
197979669
192987158
193508133
204614997
196201545
235732509
214150985
235728426
249694306
249304062
235733452
235733835
235733138
217759581
208216239
230367065
221275566
261840918
193603380
216415629
253240632
262049200
250088023
243039882
243041664
247792497
194187090
194187568
257915104
212924983
205179733
253402438
253401347
247667462
205179227
262461148
243024295
217726459
192444781
222470115
235732406
174495136
252715786
217274820
217427002
204611372
192801301
