263597347
263575856
263626224
263598834
263599401
255759602
261993019
263277124
263564752
263276857
263567943
263575692
263580274
262450205
257844141
249962136
255368681
215539047
263357071
263599700
263597342
262059330
263490407
263645901
263645511
211946209
205479056
262061529
201112586
262294256
263276078
211945964
263558162
263514325
197777635
263567324
255368065
263599396
263595481
263494748
255317298
203984547
248835996
263373309
149482541
197544003
263494048
263576046
263599411
263626262
263626460
263054284
263599418
263482227
143784412
20331179
252406431
49060500
216401387
196381506
203117361
248723626
91865532
47138050
146058250
172318010
119329995
119330065
119330153
149910430
78613917
194025685
249195272
36783712
175213351
66550088
161260773
57282775
48266231
207732844
160686621
149779937
129350781
197856825
182992270
57342965
163132162
133235421
150819719
150819745
143786897
129735776
21933698
105622252
52251629
179885586
89153440
179883901
68026703
66549843
44588788
36764592
54655705
47137835
47137941
8322758
41500911
149532702
217506058
66577932
179685919
179372356
174259374
179563503
193274076
36764484
69175405
43160909
120700089
171201919
42371363
217275142
77137665
2022793
2021257
171202598
8322784
8317249
74795739
52161639
76366892
179411890
180249199
179570365
54698785
150819706
149910619
194026555
193289389
69177937
186232739
182144405
14993768
42267365
196773178
262383250
96313517
6719897
91866367
120048795
171733479
67629769
112985420
119330036
144145236
120386657
83014128
190695444
93166536
172954702
84198916
179880459
251773571
21869496
251274591
12758048
181997214
120575974
160438807
193602618
171733705
170506769
55291218
202758813
184859931
101269236
162143892
69337462
248352057
177200976
202759462
48262316
22883711
85376396
129351725
196381481
140467433
112247081
45272479
54718706
179570538
84722899
113022420
143363048
21976515
247792052
132841820
222676738
72094935
52181044
262454054
140467959
110581388
81135607
48364563
22965557
180574439
44591203
56317291
48957141
112984953
172315093
172318742
179881031
37420175
37419778
11450151
14377827
135391571
157046419
175213321
200976274
11450479
178482402
23536595
8317440
24320016
154988583
53120660
4355909
179774619
168768675
93215145
197727716
149910680
202761075
180946034
76385121
174426170
217506701
90573257
21780608
130312994
48264628
194959989
120700290
14957562
239394725
204438160
66671774
91865563
145682081
140474055
160577133
76164156
96313531
2021327
196381513
248207005
260938878
150819294
179879551
150819307
172318059
172316285
47137816
36764423
177726853
227985878
205226498
119329997
44589875
204416560
36610958
8321740
8317401
47137287
42874818
23536307
36783979
58209944
55367233
173124834
84722986
69273512
190842737
57935703
193395486
21874160
57718395
48261841
2021909
191956054
186364207
2001487
2021215
21977013
120049644
150316662
103899267
2021881
54385291
72040047
6136987
140475922
107063736
3316251
169114978
217275090
113205208
202761178
150819253
172317685
168092859
36986638
48630889
153522071
120386379
55851741
149532229
47137984
136011234
47138040
217506864
149909830
43896169
8317467
169804560
77137758
8317457
51144286
182990281
47138132
47138430
91956616
173124963
179409215
92956032
172950147
136011511
47137676
47138282
91814081
11079286
43908695
175166189
68025955
119329984
120699531
252563034
50885073
53313944
191404717
204437225
194026243
194421186
120049052
21978454
120049120
19399178
184068704
188931302
10047160
2022777
160686512
107058711
47138316
119329985
119330140
43916067
8322818
47137752
92441319
81714455
146039693
47137609
149532722
179883723
179879463
113299459
55954470
66444091
55381416
193282076
67239363
69342836
143499877
48263796
83169740
99869400
49167912
120035777
21976763
171734296
91868225
107016933
98693878
53653875
183512848
183524984
7985245
68537154
186207226
202758737
202759417
202759568
228123149
217506669
200976273
253613869
217506241
262825395
120698938
173864360
228132204
2021299
263592548
217274887
228105571
228105579
228105811
217506520
217505964
217506318
202760340
202760251
200976375
202758863
202759451
179883601
200975476
202760983
179879466
200975459
217274481
172316932
172316373
202760149
200648548
179879333
262822474
228091815
262857061
217506399
262850921
262808302
262822386
204416706
228132208
260938051
21978480
21980427
249959677
262680504
243027651
262679756
76162634
262848963
120049804
21977919
21976978
179879904
172317934
54657104
11079476
161261603
179878122
143370763
149532997
69210408
44573167
47137319
47137457
172317989
179878580
180389241
120049228
55023029
153009844
217759698
217505898
179882095
217505976
248098796
204416476
217506183
222590149
179884812
217506479
262746714
262857078
262851792
248087888
262808133
21981561
243027531
247791938
197119478
262822136
262848860
217506401
228123446
217505899
217760656
222684840
217505885
202761046
217274448
179878351
172315666
202760503
83169656
197119705
146234019
21932547
53869052
217759483
182989644
217505967
222459543
8321682
43897130
47137286
8321798
8322641
200718797
20331376
57342888
89153759
66187933
47137292
168712689
69271465
69226012
252658689
210277428
120698735
96904285
14953161
143375229
143498382
42376969
42375448
208076724
229792249
217506273
171733615
2021895
2021271
196381538
192830422
247791967
203991491
107090705
63153445
148636477
160686580
47138081
44573596
44573252
165192876
172317326
179877545
8321816
8321657
120576176
21980688
21978388
21981220
2021229
120048833
47137555
147101158
8321765
101265535
179373619
21474424
92484497
120700256
120698989
263203346
203117458
243038954
248343860
262850972
227986136
217275730
179883418
179878307
179884292
217274419
172317014
172316915
172316472
179884588
179884434
217506376
202759695
228123174
217506125
179880674
179569777
179406917
203497139
217274787
217274527
250564436
179884028
179884247
145966976
262808161
262848901
143362698
193666943
205043493
21976555
247791013
247791044
