198563333
98368743
253391831
253388014
253388833
255109692
253281938
253285175
253387761
253384159
243059396
254903325
146575511
146575445
146572937
146572678
258215895
253391664
159693373
253380507
258858367
98374867
146574753
148639591
146574831
98367252
146574999
148640332
98370056
146575935
146573114
87270512
129499169
146572565
146575118
146575952
146574278
253286371
262386945
262451253
146573897
98368237
129876289
159242057
146572847
161889413
172488559
146572594
127124641
146571961
146572920
146572401
129876291
148638539
146574223
185842498
146573886
161889578
146573784
129877483
146571768
129876894
185841989
146573288
148641349
82574057
107695764
103358660
73910076
56268509
74190181
85902242
56985987
74884061
20575366
161030621
161030774
242042150
196176329
73477233
107154077
103359188
97819189
186449142
155705346
75403639
6774189
96769616
203449586
204330110
8447967
146224258
103358070
57399363
3075099
174217202
194188031
191819376
96071808
8448054
174299932
73459856
103356854
28420353
101261352
164076628
84983158
116041753
55100947
97573108
155705838
85905126
37096918
106084948
21198163
169640400
172535341
150311921
69700350
145182185
99335842
150312669
227818283
96103501
191819504
180346567
4455503
37891721
137366501
95944691
155791840
251769067
145182068
103358715
161960543
125099980
155227524
19293460
155705777
46475759
73587531
103215668
13667164
70241359
124323092
173970284
187513210
87714989
176551281
127311053
111551052
155602545
169467791
126728523
148858909
190708952
119672210
68961691
166061825
207808438
242042491
242753617
163477459
135002738
155283629
205886059
125100664
152631113
91184585
161027230
54512295
37118107
168181340
107099356
94769275
162516749
176749828
73910269
8448045
119670962
23256131
242758757
115280829
204053497
99158733
218748219
51308328
186094509
8138134
174134570
152795608
136730783
68961226
165917714
51267952
46906122
72122174
13675500
174184731
87801507
191819488
96278281
113199739
106808946
144211228
