12036822
54919751
84547058
101134475
55290325
26047597
20280767
201679322
154234867
162157021
108174868
137430230
20375471
46203487
48559101
205505677
107543099
113172977
14707201
86731747
111508676
105219280
196057218
110197704
40827290
59169214
163567220
114912009
42552150
89640847
46203073
84548706
109916310
87114201
196459525
108075527
2987437
12039473
144368221
96013786
94656602
38145068
51371445
141972222
175434743
106336171
89878871
72000801
73822394
138283287
15750489
97768281
204066913
10570120
154181394
13638137
38645201
70662535
63673708
187014497
128252249
10385954
20373490
196333334
97768607
118583330
247888833
147003455
154180187
90332311
118585002
73122969
34479314
86908249
101826260
128660711
38081041
99494460
72659422
51130164
212866820
69271463
108213452
242070392
13569103
52468633
37140290
16175727
46511424
103027016
41570913
97768347
226671139
92373241
58275559
97362205
102757999
78043290
181659044
7771288
245807438
6829811
92372910
161032066
51130160
186062329
98909167
133831836
89878870
155278255
72690115
16461868
242873325
108213250
97768047
136679031
28391700
87548701
58992535
102552161
204067219
78046273
136411459
77117009
59460380
187014201
187013771
86082896
108215271
56736902
154180807
87553189
78954992
78046338
126939655
106183222
39333514
26474968
39598641
94656560
109916930
214003461
200710527
78046746
108047235
37769268
56347059
40844983
204066877
205504503
19615161
213987606
187012707
171761833
51129019
128660038
186606818
136219290
26436884
53282733
66567119
9802384
126765029
58223642
212047491
136363976
154179978
44969088
154287378
14884863
174255813
73575351
6958577
175142768
77116741
203280543
154180385
52145959
181413180
140575208
55611004
207982603
188654898
127568331
52112785
212868426
129619939
50407638
114730722
91032219
23798476
138841237
58218969
20357769
181664245
208642546
9731768
78954452
10773897
130727334
204067261
78043954
87550171
186061818
201603803
51367923
45468522
20555015
30035226
42468308
73822402
22782464
98641297
141012197
122090146
7801790
78552820
128661482
78955018
10377107
36014644
204066964
154180347
100464655
142133183
73122848
74278807
44283962
90403587
102142348
248575412
15308102
55101276
21120156
97768621
200695302
99492735
96727396
10859073
21512492
129619718
44865551
70664140
50481348
90407440
78045326
248084576
21009754
77579965
25361580
97768021
45412823
201354723
75589956
208051631
71005809
92374665
72101999
94598030
205729709
36793447
21031935
98153986
130417624
2159319
78045015
76738662
42480279
78043952
48512228
136678867
174207265
84548374
102143187
35393100
36394298
14971746
52108345
216541539
136679403
125803268
44823534
37809256
114754835
72943161
54724022
45442220
78043610
96597996
20017829
248084243
43324899
78045661
126809770
69092094
129619655
44865724
136219736
136423165
115572393
52159549
98640299
5890551
187013272
96596744
53260471
10231007
41162832
155693874
37758254
7886356
51053495
214055620
37807764
83758028
90919956
215606486
208642661
55102305
90401953
201354693
56736858
74279173
101256507
151536547
179561533
108042666
40849240
21226990
205729657
115796492
174891100
207735188
101660100
188623887
45437650
73505777
157833985
136363938
46286509
212037708
749578
13368754
106759325
44865401
141292948
154180059
13625940
36015546
59227456
13611038
55101671
161032441
186061670
46234641
187013118
116864611
154180643
119369098
4932185
96051080
55473648
91820351
140451316
187013749
56368723
2987401
131138456
52468904
67920731
48546355
118585705
187013643
154180585
126749229
26607861
31141463
116969457
48323306
98153934
193160326
99909137
108044221
38410181
7478747
21485250
136363566
154179881
15385412
159865236
17896906
72314077
213519169
73822414
108045764
195951215
102142656
219132941
95852493
90945704
205729700
187012671
119329607
174255922
76501680
53280884
138283218
12297929
20102436
260110712
97768434
97767982
117819575
13860829
25412842
186063286
204067144
45692091
101692240
44866457
221843524
41556426
184080709
144269492
212831493
93142925
25692773
21222093
138282738
116308981
59460651
136363739
108213140
136219893
14547177
154180729
70819971
166563434
122089556
208441757
16551260
46630415
74037176
108212893
78046933
78046033
83787493
191899949
216214366
67279380
58221260
58936072
103125054
19376838
48492985
36250885
8261523
87378812
100374443
214637369
166563425
46905793
120484380
68076488
51130162
14849278
204066833
92374934
89854581
102142596
249029768
76795655
106111977
108214084
169746676
97768774
200697357
203477943
186061862
167657151
10776244
205729587
178780377
166592038
51265905
57043546
73822408
191821885
23398830
60437313
15940723
58949079
53060972
83489378
208213582
112052233
248115064
201575157
93142699
217772462
124498003
77913076
68689104
102111925
97768907
97768961
30163015
117741256
84549118
95942141
154180648
112131765
99492522
46242427
99492757
45616306
98154057
45518415
139075616
98112057
100465926
104844616
102143435
154231190
140575253
136363794
58292142
75594054
204066817
128658324
95945232
204066732
52605654
10640871
87766549
51096382
72459272
11536296
10680944
45634613
98907867
97002608
8072407
32411833
45431490
187015009
31604084
20362833
251566366
22437111
15200582
208686627
215972570
10317007
186061024
187012804
51130120
178011767
10571153
175147128
104844830
225273060
102758155
20410440
92228489
112633589
75597926
99328540
151537582
188654864
74209246
58263043
204047294
197212719
248487719
10031683
114537949
103738623
214098241
14961083
21222595
35910847
138283558
172001481
24545394
108214434
76022612
205987130
26299569
20018972
186104892
176747855
6777741
7484563
158163267
55908511
122088391
39445963
55966575
229726398
13361038
108047200
122089445
72649519
153581548
59228329
66740311
69255034
126810028
55101630
204047274
186063939
76139050
55966587
135418038
154314334
2585753
21196805
59460184
96318173
216215518
117805105
3146953
170338569
212079931
225265286
95141843
137211759
11536343
46237036
