68210915
48433369
120346980
75013277
54425410
153815938
58255800
43126463
57767320
121434812
121606092
42761670
20074669
173782337
8263777
20074504
1058878
1008552
205220069
58963416
4962951
1471043
2172611
5959593
27730689
147569939
28351020
58936551
138066480
73781190
70659756
198651074
130811487
7948286
58896784
17588371
108466223
58935512
975656
214084509
108358261
70973438
71183036
112641181
134787148
34398135
135777185
44619498
198650292
149403968
149403678
149403700
11340888
149403608
57719347
48324101
149403896
198222004
196515694
47003172
95154701
3234057
7981127
124273109
58215484
145752710
46599751
57822800
57735365
73934589
201424609
66540647
1816257
3626925
25669520
151898315
73896491
3241595
68562890
59299770
180966539
5958683
57316849
1058914
54061953
54029265
54076078
1058858
55105689
147569926
2764859
52376967
46192420
58949082
172658133
226741283
72511859
108511972
194023598
2447321
89163398
138066715
138065286
148908903
138070486
138067213
67967601
31534862
112639190
197638930
105153826
146392751
56013105
208250781
133158593
78881049
149403692
57781322
107187018
119252833
3233993
22486715
48216135
70882685
98564670
196471368
49712058
71521675
72813559
115888267
29210846
108246602
112640618
39330875
246208311
56013109
195937919
48546284
59191589
73934530
48425374
54421349
4962299
121661384
48564061
109588675
86034299
84446002
34376772
201359332
57311593
73719704
139706755
43123014
107462875
73873247
4961899
54777478
146256895
7941117
50064673
74886864
100798090
55047954
1058918
8263763
147569929
134827601
196320560
119257566
53410559
116392969
31910130
52847016
20701949
112642462
11202111
31901947
11477387
163877412
59207279
88935241
44312032
44620099
149759589
67940292
52727543
29348691
4055077
52811459
115694565
133157606
48547535
70660674
203883408
185966676
74538290
115888311
52417590
119329169
248956459
117503389
119253299
203092548
208432542
48324104
197634300
98564679
172658135
198222018
58949449
217733219
3234009
17579177
20152575
110571329
139261471
78892346
74344710
149404003
149404122
59483571
98564702
71000781
94597894
149403839
25074508
197646540
108246939
108246718
73473764
56019230
49740857
73452320
22486719
29348682
3233995
2448099
203092407
95136275
95141746
196473218
55030101
172658131
59482830
2448145
71078967
94597869
4931659
57719318
20701990
55103470
77150355
2448069
11341870
100067283
99384231
54919590
35487506
55729600
55047877
49740981
115094564
116167255
19771001
68131582
206554009
77150303
3924477
1471041
52774202
120963231
27771976
13628587
13934379
116572190
35488250
25669583
57767841
68488232
100067202
73876678
43124688
120468947
73724076
4977907
4978965
173393024
121184910
12294134
1471039
122070442
63571356
109335547
52908880
55047893
120444797
192720931
73934001
48585945
20713168
68490301
199109152
57824054
116750422
116781457
35488208
120348188
68209746
46054441
109664560
51347755
120420899
2782205
34394326
200630396
23098869
215122395
57863624
92682134
4962579
58425853
4932097
73718292
37153745
20201933
69850350
42967779
3924481
94673039
83833947
174085377
186268810
58614032
201319764
52524082
56375691
194134029
205220689
1058900
1058844
1058860
20074702
2765981
8263767
71156590
22042356
57844246
58213568
8263779
5951133
5955399
5954625
28348605
28349642
54849559
113395504
109571283
55406037
71952400
202880096
138070444
138066523
204893740
249290067
204634875
163876915
31908245
11082004
70896829
88993023
72802441
53250107
39088169
3234023
51262716
58940010
112642340
112639736
20701963
49565258
71953696
149403956
20702322
112642286
72097262
72304347
70882604
17578943
197644683
2171541
108431282
108544913
55988853
55958694
55786869
56013113
209177559
108429085
135786563
135784458
11341766
249934588
108246782
121386932
3234035
105159407
56021245
52385243
55991611
55989284
116144492
37810589
17586713
135812567
185655335
78885772
78887686
149403930
50433666
149403882
149403609
17599448
174085257
174623459
154414659
8526865
71960881
177330184
98564652
108246981
58836929
6157541
3234043
48223389
196857628
196535368
7471403
3234001
3234041
2766347
71164843
109665798
195895318
57312122
70567465
121414655
6960245
55958727
67179229
201384246
201385239
247296523
200731971
56406800
53703556
73934127
109666217
76449025
57735235
2782513
14204448
263486809
198222063
74845067
20547200
185035946
84783667
133085568
130774760
169633750
63966325
77926818
197227213
171439313
185035636
154174098
63925635
78006797
171439299
171439177
178218401
51515173
68426890
96136662
171439161
171439322
11598246
213868303
246163334
246167323
249854413
249854245
185035719
262405600
200763301
118896556
147767738
146586176
146586098
155976221
114415593
146586044
128515924
58805769
60759856
15725061
74845024
171439234
185035886
11598221
115960147
118896530
118896538
157055124
11598244
11598240
11598219
154174101
185035612
49132001
114829805
185035659
15725055
65092434
165708951
177743908
141053628
141008387
54932322
169630238
134855623
213964000
71082135
76451484
171439098
154174132
39334779
263032382
58806039
125743085
75557578
48051367
45870057
58898669
67131990
58175712
249853726
196856714
15725059
45869574
171439254
114843237
114842538
114824335
171439048
185035608
118896496
118896482
185035761
118896480
118896536
118896546
118896504
118896498
118896512
51840064
167061204
40851522
1605875
132919737
171439132
185035841
118896540
118896554
118896524
118896578
118896492
194516165
154174144
154174151
134855814
113825526
48051325
181504949
118687228
146585982
112977879
155976002
199544997
164298717
139485166
185035595
185035660
118896580
118896508
118896562
185035955
171439028
154174102
118896576
114467946
216866990
214067295
58887543
45871570
45868741
149192459
77919396
83036160
171439170
118896516
118896500
118896484
118896596
11598199
78487486
130437098
59200438
196703985
196704077
263581977
251323853
263388020
263582282
208661889
262084879
141054123
252065155
263514746
260819807
262304242
216866969
247372549
249931680
263387979
49267297
263487383
11598238
263032384
239144560
205727632
229995793
229721580
205727622
205046684
248619937
205727624
230038923
263295341
205727630
239150248
174283300
248619934
56455024
176212580
14138459
56844871
193768706
121678374
147815151
967198
56454317
56651053
56612836
73850416
97561417
20332795
147697075
56671555
109108886
136406893
56960530
109377903
93819812
76369484
252405447
72104898
4996139
79565310
14142268
166765487
75709251
967312
56635967
109377964
72037090
207797580
213891670
14134404
193056181
26219830
213913582
199737168
20547144
14136994
11921893
7251349
73117634
225946932
24229220
20495134
3810041
14071794
42701079
14142031
247783643
169819370
213891666
75825066
57797480
94226733
79116958
8427420
8427428
8427418
114922628
88773162
97552327
10608242
142252045
162227203
14069511
27662678
193056091
42704923
14076304
136728848
79362429
55780316
11910879
20550195
162227201
6311167
73809373
20554383
193056112
57797478
132895619
75040572
56609617
