68662276
166005879
50945910
23895992
100309718
1679111
182547982
49559707
148822901
249646125
177898700
177916338
177913429
181770224
177912834
158773915
127210359
52337795
84267333
76291656
59558804
260805873
112170481
117893059
77452095
73515297
76726338
112251409
182474404
150845156
170330840
143116589
94074387
4213917
76695929
77580434
176897710
76483625
53251514
105821947
172342478
249036030
1679105
3769923
1058680
175651727
123233964
206481622
166090626
163566376
145209289
113238348
124861619
160748229
175831099
172314450
49793429
175107309
163720089
53064672
25921477
117726460
6290007
1058614
143521978
146424157
120047814
72103282
106185957
112020125
50419266
170583435
76696479
77580427
117176146
76695810
23896036
102013922
139200549
76281143
166476328
145765033
167432451
127207298
127493060
127368001
76693342
76695461
161456325
159725804
177757619
136116173
184792130
177771216
260927033
1058674
170107810
1058630
1058684
1058610
56822447
205509902
70551130
9943939
175654394
7416243
7492687
74511736
158716127
88815430
154181608
145236115
145207864
137374958
145494836
200923229
251402661
1367229
175161601
178262728
202725874
176025215
155718305
173786445
77580418
173348949
117075439
112251279
171745402
195189727
127367990
108249924
76291545
23478506
53030570
111616061
121108156
121108181
127477734
152093769
129438053
158714975
75964520
76483629
23895990
180020525
77451504
195184739
76696085
77580387
176573827
214165760
73983288
214618474
121107942
169623100
77580569
170716100
170715777
91220898
202780650
108616418
171574226
179398902
25921449
172391599
74632800
163833482
217384374
112140522
125471829
111410468
111410282
175653263
51834800
110483414
58213328
177558889
74764237
96289224
207941708
154495711
147731222
1058622
151921591
103769582
122798846
87457360
149476444
100130021
198937300
178262720
152092100
178262840
2109343
214619186
71069844
260805904
170599669
120497071
112170804
177918239
177898419
127303692
121106425
200985231
120533519
121065839
71070317
76289713
121106075
76290257
23896026
116622749
51261213
23896080
136020397
178545209
94074284
76288689
86731447
148895475
73839072
165586145
207693711
191365798
77580558
127303242
108914178
167432167
23896002
76290092
126037460
177913107
106174231
127303719
162405676
170711145
148812677
103808180
173835830
174320748
23896021
77580441
147798674
127844455
206237015
167432823
106540678
77580473
197606831
170325264
172381711
180303250
170262059
117625125
163866214
117170079
58811481
120294440
100128707
73641450
110698388
162773792
149713714
79720683
76291805
77451927
125471809
60222491
175813084
178262674
178262782
177898454
79323572
146384836
60774037
55137171
96415758
178262654
77448447
77451366
125471816
25040493
170693427
170707140
77452056
59280116
247932603
248186863
247939782
247831199
248230393
249648921
247840045
253425790
214094632
178262686
253091284
260798126
214618776
252584028
262560246
249646136
203842470
247795058
199030735
259671105
214078184
262569235
218748321
196158273
261946608
261961284
4212059
65126281
260926974
50730723
159499725
146384825
89227284
162410705
54789690
89245609
146384862
204435811
58839019
59052096
70570604
1058668
171021046
113484899
154448800
157031093
144639788
125471815
59582485
154708906
148747463
122799159
103789073
169356000
208193787
73420588
214168133
159017276
170779775
170779723
205538896
110221878
11517001
146382228
178262715
155532442
23896058
51561592
50945908
51932521
127300027
96113829
143116449
131174730
121105773
143829116
112250995
127210497
118124048
73751843
148808114
177898669
159725526
145219727
120481200
197191776
179398931
161459669
162972000
166765517
71069571
76166362
139719963
98186021
172395540
52661422
110709571
112639432
207948294
52648959
170780170
110349572
59197811
71893658
145494347
113480685
1058678
144635373
149943209
174835032
170780263
94098195
118422377
151968748
205543822
66664256
186627285
2109259
195912858
174305017
108830884
97540933
248185135
248947360
247669109
253091127
253091482
247935680
203202746
249653726
197172493
249648814
247314702
251402730
252559022
249259626
261984820
249304515
260805352
261946461
263392479
205891923
248206077
247823615
247944856
248956423
248957071
217385269
247432588
248206871
248215827
205892035
248204874
1058692
247317019
249259541
260798065
255765277
214617723
260797524
262550869
225242310
263393868
249646096
261946486
260927124
247938764
242487584
253425976
248191350
246856215
248211616
253091214
253091452
197172433
248947151
103471797
199022441
259670380
253091594
252812291
260926882
207729683
253720430
262567945
217267484
260805397
247944055
203842568
247829678
248950028
249649621
247933443
253420673
253420637
100129915
259672539
214618564
260798053
214618969
262393225
255267638
174630720
174639116
178593563
176296070
84716267
102017615
192294168
50311855
34570403
75983400
126079116
121102956
151949316
174531151
58456332
159872057
257535531
253197655
253304411
55118385
205744401
168470113
148073694
49367388
41614535
253720354
176296074
140565376
216158455
213715305
249273826
31615408
209698996
128584259
32079808
129436269
74819063
76076379
63965696
74429721
126079227
66610821
529874
32003772
34526736
178064919
178064924
187618873
263394080
262075103
249785710
138505237
263080011
204403103
47045312
128213763
60229889
208176680
6303195
116001213
247287726
6986851
251590822
254187978
2244999
73290174
15364140
199020823
168144567
217135243
252590046
200630969
175853946
175153899
2414761
130405175
84593915
169495840
148063636
74512633
34570732
76099252
76067740
93151614
31647897
143915788
9858207
6308563
3226491
5769525
245765366
135508245
137672370
177205774
136081708
9672658
213682582
208286604
175875524
73636474
174628053
47130871
2258167
247285631
137481133
46623291
206985843
185057903
174530965
16375520
16997981
205428098
176295761
190808109
121106064
43183784
247301242
84594079
148541517
153875553
5766743
123234170
164430921
6837719
101125082
165149905
226296183
204640209
15218568
68771107
176260447
168275795
195966940
81540288
136939459
178064923
136790914
175873615
249206843
181413860
7415749
32134179
62780037
48010526
192539048
173385894
147812851
174110019
145395623
58937349
104841772
89883533
90413489
198572879
191944692
225938425
126950536
194107644
168117765
199118224
99428564
137478913
3226493
193979288
197641838
97057073
9858772
15728157
176842411
685613
2247181
16375504
10395012
50768017
15366533
26093771
51049832
168461661
126950533
139296564
253304169
58976207
253197573
197380355
166397588
98187651
173853701
58449154
101148568
74493390
6879059
6306159
98254568
35863215
25388833
197645080
78878582
16375502
11122679
529847
42612291
104905015
163803730
176296076
21714858
188492693
188501828
73243447
196146434
207299311
10695162
62741832
11964070
149021454
149062432
121155993
144230663
50357637
23974600
10211335
251738141
251748320
6300217
16375168
217462158
2247287
111174630
204402005
225907227
199671842
15727643
102049398
48884182
17406816
126950553
135326110
127426871
136828011
178593590
177200173
10394922
75487847
241846359
263080518
243017736
138667323
148985807
10690701
146649603
186066601
23950631
31639344
111176984
98284884
26479225
104558134
74451647
177631979
166594570
93273882
20202051
50768006
75488465
9986194
197216207
199117597
185149613
195328111
262388696
179398951
73243803
174609362
50405950
145395887
47126723
145395777
98185522
149147646
2256867
16375516
47990690
50358164
42469548
249268136
380953
262021830
225952832
127369848
26074140
191689022
217520872
75982179
41603811
23013747
46473246
9672455
204450058
113753829
252906735
8013225
216382024
75639107
168140696
201698768
25181511
195972533
205075309
180380048
184449665
178593591
123353289
139296598
192911919
129742463
172920238
195844979
262720991
196851811
258509254
229768348
10691107
66631154
10690650
147128848
47100787
76076001
253040265
173126310
123735962
126078926
192686756
166559771
114266530
117576449
259645164
43182397
198320319
84594018
2254725
2255207
246113323
23974589
27855743
50768035
3035487
88222632
145395655
98242438
49859581
10691088
43183260
251590991
107343217
197645738
53449161
71209649
71306907
558862
194405414
117667820
143915739
16375138
260814021
53298920
66924605
144235334
113760388
185690493
115255738
16375166
143867758
48697941
32752936
56365334
29643173
166227064
55278133
113758161
10196985
202026698
67185043
53904404
229777208
191816943
158788077
262707466
139296570
32960273
75539332
140940013
145990378
196487197
177200199
133629903
58453116
195342477
198328273
181252994
11653986
164047761
189458131
99474362
198320358
251591035
184600011
2255531
23974582
2352327
178514793
85561172
42958613
109443292
153879304
51448172
68458642
16375592
142711415
189181315
104541137
2254597
31633431
262021622
196470187
263079809
127152562
25749112
189683860
196849235
216354105
170955939
177205266
133646698
200732031
248782399
164047746
10048287
126930528
195436901
58984786
