49009829
145662950
175424048
133568348
136007275
164242222
161539084
181266498
163725629
204278674
59527059
125020808
135832158
27880905
76202574
127515112
253127123
85134810
86530161
63584742
134245673
135534214
78959376
205605504
160534731
125727738
189533665
167976448
134885560
194947447
91247347
115443749
118692103
140209140
183481799
135519741
173729549
133860143
135514640
241788138
127046098
204008176
75338572
204378347
162174846
90726381
23231772
134381680
12124127
110689139
141259256
75410694
68940517
221822478
134975935
249789596
115769260
176529912
74457796
26052875
95200387
126040299
188554146
52044285
130873365
150385654
167607586
73833163
20855222
149414615
7614351
184117978
194588117
208405786
57710004
48515179
160545090
67484164
198721274
107541634
114294658
75132959
48636468
202657916
110201731
39852567
49022456
143010636
195527830
70133963
202179531
249263403
75651281
114352711
149414848
135520008
161009859
201422999
187116854
90061527
69172366
98640558
193244032
157096919
159482248
143915429
178232044
208219680
23397338
49391707
96515100
74208263
201033221
248637540
192560779
249269739
161904652
179982445
117606042
133617522
36283666
192710944
195357682
214592705
180231507
104637705
139615584
45460841
73881515
115138933
134381028
120116580
26084041
120519525
106303777
132840363
207947285
90062054
138113914
139614285
139611267
107539886
60039276
106304429
149713438
48515181
209893102
199120753
209403594
79462170
167607673
134025694
170648982
135532620
75632796
13607132
11199846
74762963
46581481
68620553
170276700
106656951
135532290
143003833
52254550
14841727
133893685
54932517
162259588
246161802
66677340
13445981
118117576
131419627
173740176
159438230
69107264
98178502
14841770
42366116
135289351
60063213
48343090
197974693
11517227
207965295
251257406
119221154
126040196
89714335
76686887
25292541
73881381
130621236
130624791
204782571
262089650
54361606
179418140
136855294
208405768
252858718
196521673
193055701
17972721
129823279
135533019
48091262
230365408
20907534
74776584
90062060
141243391
184118360
192454628
92049505
139619098
16645084
139611553
131417623
137454575
20909994
150938942
143679260
203842350
9799151
14180173
80974678
69099951
51628500
184823634
184116475
139614912
74212507
162736247
182783465
105605594
130784886
74788073
69498764
197973701
252180354
174509213
120789870
191690746
208075568
73253018
83576135
121229253
161311491
106655378
113174417
119943358
90062224
90061857
14379990
169116465
139623670
255474432
110201800
175146983
195912255
241915028
127122481
3689291
13410621
12129760
215094229
121287814
125729046
157501424
74279033
129009507
5436479
31590334
130756573
130624372
23115727
114002589
76202500
124327001
195507484
121253246
129823171
10933470
11184999
150835917
170962602
249012660
147208980
20855157
115441357
112783708
170073727
167950403
167975955
138114633
138118197
161008740
106305092
105179142
115140533
29372988
136016136
74793982
181689964
205739358
216007538
115009782
90062252
248683328
207910656
68824120
129822382
59498622
163872124
150258511
167976327
29645833
59500198
59498911
110268342
33596860
174603643
40932526
175425656
50395526
174308077
61274272
127046163
249730456
197974486
249268694
74792298
139613382
151592990
49034125
162534362
199999319
53500591
59525251
8890375
57702288
200017469
193893550
94635642
204056402
19913042
163580079
134381207
184118417
105327055
252139117
225919993
184314139
201423074
178329973
175090736
169111979
126265221
14841822
194595295
106304072
121534458
164596614
86772682
192715175
253309231
73253096
73254229
190118420
252858270
139621039
14549177
121480033
74237027
28619264
115441315
118155528
180608888
89715187
51101422
135533974
130621808
157496522
6639699
101840545
35364565
115440185
167977483
200557869
20911963
137383801
48173398
93956916
168323144
147769551
115438844
69101091
109836723
165680557
135537324
92049849
120519722
140879598
83778426
106654553
87125589
90062733
146267369
40056386
90061519
53495045
258610724
175785915
16609059
193692058
192698580
204281165
251514079
200861569
86773303
252200113
192693719
192714118
193971001
197974913
197212501
248243969
225919751
69166421
198239835
225258970
16767478
105179149
179539950
109836767
134381609
43733178
9154044
134381991
124238995
92048986
118306492
124239284
73253542
175790320
16888953
11572580
153505880
179412230
195638626
124326941
26323558
215990332
11184495
173321768
192704985
198100520
198698922
3635671
263038704
155237733
192694165
206678869
6638823
140524106
130622746
135532027
63061186
253060327
19293945
167618554
167952191
134381607
10933509
170275659
135530104
67693642
110689438
170649783
134381038
195483812
13451626
126507985
46176623
176059813
193974166
249165236
106655110
170491546
195915846
90061808
82384016
151425520
10813538
69101247
208170638
197971260
121286421
196378471
175793487
75650176
184315254
109310639
135522203
115439213
135525332
171659397
125782954
