201147805
209869178
248944010
262267720
129876577
58262698
70684547
14868422
161308109
169568467
243044430
16861627
175098629
187581316
229743451
19764992
235879937
235880086
13736623
52148513
57019017
26225129
20261493
175175579
230056785
178093356
235880168
85668179
198537887
20883104
57768263
126235022
20953668
15620886
114289128
174097842
2853199
168212272
95945442
167461154
149677672
178476422
186254900
255076485
50942784
11503451
235880106
239139261
159058959
14884443
255446791
129876592
91848815
114340728
191821550
191821771
173030345
80960459
52417097
49018456
49012074
235880328
175681147
201152520
239139284
187028229
229746836
95973298
57244558
167652355
247658322
196790823
192139082
235879676
102047688
75301020
208287225
248260876
222664696
202560095
201150111
242756048
257609067
249887121
222664752
222664479
243052076
201152052
247329910
184641158
222598171
248347959
230054963
226978084
249887718
144492795
235880029
149913428
20261475
170490414
20261478
48591956
19332227
239273080
193734208
177700991
187864111
15329266
155390433
32196743
100027657
139141743
249888096
205304377
249887461
195435393
248274819
249886471
257551663
261996019
201148171
225993697
230025402
261996198
213587875
203444170
249886278
201151784
205245256
261992788
205304477
235879860
263408187
201152357
243052250
201150962
198736726
222604506
248788901
175662892
196286865
249888062
201150099
235879796
262908223
174943556
190301156
70816051
179687022
114340812
184933601
187864395
19554212
168213453
20883141
242762770
14343837
14343919
113256025
117407468
201152322
162205089
192517608
235880007
174619613
176797644
202559535
235879847
184521965
178537768
149661809
11503390
191821214
56439845
178077994
92159026
166009354
12481664
20883123
88896253
58983997
95966682
21079344
169568868
