263021500
76283064
120339350
197496648
94535278
118285293
194200344
200844312
959368
170962612
90923634
120776476
222687408
32740543
182726985
213913539
111151829
127299578
202804191
134773541
77014223
113293749
248555034
159849712
122646037
70818064
158692291
21091087
174008275
149146081
180722221
136073679
91515669
159962407
129639512
134560500
19841850
177859786
173403687
193699511
116104080
207360487
196529842
211025724
212976072
22608811
112047160
94534879
106107135
31539882
217285706
36770842
197718630
194346827
119698259
174137940
144380629
190586815
124861692
40916729
29825391
212465871
72703397
197186108
181568332
21095272
72637445
132296452
22653944
419093
20523961
6822773
152550161
200719283
159481075
15252345
175438338
115334825
171850667
11257393
94534994
182740963
37494068
31889247
248703710
262732525
838147
118285323
251589032
205216348
98191156
160786699
92749986
57111455
106760940
88917178
57807211
367450
109223781
237105265
203769749
6073507
43767441
88091259
126515979
120776471
49399101
52807951
227543350
181109620
76012211
49098491
187354186
196802697
94534511
119790563
116972161
140361523
111416809
154365753
25200775
141061570
66560121
195482243
186274245
189938430
213491020
204414150
113886780
72748091
32429064
145367606
197604209
263487717
205843135
217169894
197602462
113408899
193701521
98224946
74279298
109245433
111978725
177614324
129638316
186860969
130871919
21480808
184895507
250960370
258894633
215843072
33597002
45092044
74401481
100948002
111519513
127961131
77015351
32429168
13590584
20864130
209177439
243159057
98025622
175885517
213701927
202011531
51074545
190586891
2505941
123844381
206127024
92750001
35155451
73577851
42298973
130015626
109850606
243228150
188585540
247194225
125362382
147352662
112236570
87652145
73395528
10309087
160561177
683561
187152452
45150788
248556388
51373607
244317615
93882843
136952661
188446213
58968959
38415781
168972477
195342429
135478365
247806553
162248187
224744952
8072630
116039942
141191755
449796
202038015
190844181
199578732
17486987
13524682
182095243
131879428
199576540
174162747
144279271
49034453
792752
160843263
201182658
149353629
20916761
213564231
59407925
99212084
31855486
179968561
198500075
7170585
11598063
488826
172081643
203511342
201515173
185439751
216475546
125137736
204666747
17003892
185809369
178951574
190573373
128783473
34577258
206052452
248545058
112816122
149145719
225910262
59409608
225909422
169566169
164559270
205339423
201382518
199166943
142239389
164374083
197605070
151525699
193111582
213559427
212985208
124088342
201305524
120777512
121361740
22526343
195301365
69064196
186292134
117405536
205618285
120777508
93883053
169000258
249861477
190543945
200663658
486291
125751481
1288329
205113620
175875105
647177
179206827
488828
32564261
50889008
202033107
472148
521522
222680961
136689381
3873849
113405299
35250084
648111
214709061
24356469
37495656
123441743
61912525
73119972
54353190
72540533
203093984
194860178
8098784
32866389
207273687
159786659
247684183
158788050
164558753
488827
72869916
739945
178515106
176536835
208267200
136032935
507791
195189554
201067576
141673657
91820885
199671812
19615163
112448929
178340696
76538721
74859572
171545431
129750096
213564239
466055
3480507
23583694
11596130
236080379
76676890
51844679
149145673
113769641
205113649
173443253
24312588
176485608
123353368
190543881
52069744
172068617
41265134
49254339
192888203
209603353
194769444
34784424
86277806
54814931
21190041
169778648
137826470
149398248
144367666
23618699
184700425
11240242
212438488
206794537
89653080
198501311
166058550
133775669
121336440
31712488
176536826
197848262
99912105
3873851
3717593
58805555
17924153
75740555
145773086
73569771
210968458
178217025
50780832
198336631
193670519
207270755
186740942
203201312
129004253
59299628
253426615
262022074
188688346
176280680
252641117
1461209
123583109
184738047
135799089
34579715
85811047
205591798
110895548
85671612
449787
41463133
125744409
1724881
967568
205114004
33269521
193670025
199601951
249884372
3717577
1064668
135476217
31576026
686788
192462662
262021999
38249968
199705913
188714337
129622150
112328891
90329168
207417295
248221893
248783021
99213689
22526352
22526359
214166968
16667102
19734004
23377455
160186611
221773981
117171862
48536263
217641420
151967482
149415388
90693256
195032583
697746
199840798
105880665
204472216
32415635
249220007
114844773
104629789
12333150
207892963
188408318
34383401
32740534
263108506
52037121
160584223
192456153
90207656
53217045
201518238
184495908
192173473
51985445
225271268
745787
10731894
262503892
15096434
193006747
152102846
246855302
13984824
102736420
224778874
236094912
48537711
199739951
212425749
225909317
211961427
179196322
224252081
22631769
109992103
33759008
41323647
10731535
758496
170262456
213702422
207194565
203467727
32160259
213706199
138674766
503633
193146069
224064193
249883852
81082780
125744306
23296781
1461197
184738919
105257983
38492612
127586854
189193934
156640949
24594845
149146335
205329478
192455679
813338
209906106
199681579
177794805
196537903
3717539
111443462
31519588
28939718
242078444
198127839
19315257
201517987
84791540
171732832
225908309
152104553
171821979
1272027
176485620
242994545
532622
199269641
184742208
193156050
193146869
7170601
198334750
191425958
119706861
129714873
166054723
260129157
50739692
36211044
16567326
33235238
58890469
140983727
140992309
31614190
49034449
230139211
125995842
126056344
126517046
75791814
171926776
207888530
23405384
178323385
48572222
149146003
206481320
55788619
242658804
197219040
175438540
59299240
178945368
651350
197185977
242075075
208192799
205996031
124180579
143302694
149145209
23391084
503636
201518258
185411479
23377325
260115326
73411019
200803722
171545435
191513549
117219344
186815421
200762477
72517941
13953691
34746253
184745568
62799997
129409174
31621173
242078450
137927182
21023049
207752566
193524390
1024798
145620975
199576518
51983692
206852657
213702760
137793579
170780327
130364549
127586930
49509623
117172325
192291450
191425973
169346093
16063632
48536548
248319243
193717006
16968006
208285671
33352731
190543903
198335651
151525777
466042
176485618
193152777
160377360
195926655
200802018
198500178
217412575
129423396
192883654
199745641
565614
49944135
120777515
116893714
116894407
20581215
48462342
137481254
207891558
193637889
16391516
16960644
109839586
117125081
171554104
35108254
208191897
225294418
216087112
203200636
140986614
111864832
253178854
190543562
16567365
877770
193006979
163143053
193006483
395080
168973931
137552119
48462951
189200924
155021226
185563923
149145320
74886433
55955807
94583116
149146023
208192241
198500360
220661356
120337638
16831059
60903414
262503812
22361531
114773054
189194284
206669596
10731942
196373079
170465850
181699354
208285778
374776
126514822
41294460
877768
21059317
40368293
39536056
126516098
126516827
117172437
140986620
170445211
48570583
20647348
139030309
149916439
118123829
138103850
49188079
217085311
183729005
52656034
369274
51558757
197496841
248181927
262461973
24509833
252877493
179074046
133776040
128788548
21924437
138914810
14534798
128789042
127586900
7170577
211957625
217525225
242075077
199629002
247681078
249684233
249780679
262461867
248882012
248800182
248894639
251423636
251424881
262477243
262511956
260113461
262982431
263034448
191453950
215794313
260920888
263487666
262503928
263576664
178058652
205113391
247892553
251245473
253621845
249145007
250555809
253400432
242448291
248199256
262730778
196198272
202770032
230081858
202497423
205113753
249145301
208060792
214786604
254462076
251405201
247680691
253621795
248796509
