239788758
263049287
263202446
215746584
202011559
202804483
263590383
258231071
225908527
263558488
210968261
247683604
200762482
200926355
211956974
229797800
242367050
251243553
251244834
251244090
1724879
249789539
249780036
249885195
242368171
191296812
262652433
218754649
250093774
13778950
178779043
127586927
120337768
54404551
143034699
55956693
647178
35362412
452542
202496597
211442562
186704472
73230177
115699186
33261848
93933532
161930798
25733855
19734001
143034671
503635
192887297
192889583
23890496
199175080
24358371
140983558
125734586
252683477
142349559
63249780
16567362
22631763
32564260
138910436
138103857
145397078
7578643
138914860
194846107
218755168
201932787
118123859
199579087
208506194
151499370
205393117
208648584
196048105
190550311
178830950
149145238
172151629
647179
115819796
49193802
35108846
503634
143034687
143357211
237404116
19734003
137847070
230139209
8438390
143274757
143341783
137938037
251756332
217268758
203200652
116896506
90835662
52044571
128785578
131879409
139049042
137483910
189203773
138910201
189203548
142409835
263557870
8217133
222679002
207192414
208273208
135639068
135640075
210967819
128783809
192457090
100947802
124405661
170465843
79409093
189035839
134557421
120339640
12333149
7939816
962319
163935980
126056071
158788387
59409439
75332177
225908994
452540
149145484
149145691
144870492
249219915
176522044
49077430
146676772
176485587
192889708
7170599
50739688
143362928
201182617
21485207
46640462
162250580
683687
16063250
16063637
114696023
35832580
141673650
74892463
134283310
41198556
95315703
41297778
167146321
449720
193669635
36752865
263558680
962395
200762481
263639151
249885357
210966456
205892465
242657798
247892492
250536059
242075073
248799078
249135635
248839998
249634570
253621931
211315168
45879556
205892601
262709262
262726563
262844348
243245578
263071329
263293721
252797668
186348961
263440430
262676955
204817121
143034651
247806452
208273237
200762478
149146216
261809205
207719294
249883043
217750411
217772411
202804493
262044758
250565640
229801968
248788006
263274092
229771063
263360321
206669550
262648827
262424687
700383
220683878
217781135
3912707
149146279
190522813
557160
42403363
199600942
198282635
49203610
557151
113586148
208098995
206202588
206249561
229804638
191268802
362084
181414047
188687267
172107995
43935660
367198
214770671
105186426
149145669
208137745
190527698
191271000
215705391
367200
214788285
108050375
16379044
242609516
199601534
149145941
91550734
191270048
123513625
149146114
50337450
190586814
8176605
199646506
199645568
177085628
262699772
198590021
218735548
20859972
169562742
246023085
216401010
446355
160082634
249290610
209381731
208178204
206091030
197497267
244133565
214499524
143645095
243477668
182713853
404082
152492533
166563926
199641415
191268284
152492527
191268161
112659071
206256559
128897620
101032952
24819611
177994990
197649456
195542809
254138306
253059429
211391513
253059623
207831456
249290382
217621685
262606222
246162406
206249542
201121401
122956979
131569703
198611055
203288833
252880515
69885823
159828516
198069934
195111899
174296420
198076060
212050273
74235812
121433769
249146664
207991385
139061979
96659998
144277948
198069823
207360645
252522622
141387218
74277432
204646062
39033515
187622264
6902563
217725517
102832692
199606936
179771866
25172366
176309759
242101678
173399917
102859161
143703244
174293483
252516747
76206690
215183786
112929011
176304269
203574369
185862763
242091901
122949092
198612394
190690598
217517947
190469143
58228044
171945124
94091444
121325522
131724763
199682018
107538985
174101628
106363457
1724885
14706939
140831057
193742664
131922653
198933447
84844676
15169448
197636174
175686999
203293365
96183899
73103640
131593325
142470964
195937580
201622469
195111063
241525738
77155190
205428701
95558510
114203213
45163168
174824901
217518596
212427094
205942677
105737468
127907759
46837600
93849514
208623469
187316658
109111451
175683649
179771867
132144093
130735099
241525763
105737507
251578011
201910939
14656098
177968154
252882196
173631471
98735847
122820874
199606931
195754884
113572640
203498546
206874135
200831422
241525660
32660680
120527123
130307675
192129971
102843799
217726812
117773991
131942530
177467277
189677427
125874375
196233545
179771884
196086237
120548996
200701958
252842465
69347880
107076413
175647608
198069977
202804199
67545647
114946928
36753425
106591977
172927117
143769895
187622413
175435165
91775407
107632064
206202408
217564106
261963813
143709513
251404654
187604352
187604323
149943125
164575561
200653405
74957158
201763277
122696129
191410702
130012828
68462504
160835293
143700753
23018568
249150148
107076467
217695390
253608529
28104958
73359174
128330383
31264586
125876666
185448190
120777500
184318232
77927204
262461400
28105640
72774562
128556326
162563028
106863889
212259349
202600276
198072461
151798656
250337122
119369811
187604332
79549623
200928163
58935242
198361222
207862074
143761315
106363282
142460741
201643966
187604335
201067569
92934421
111439451
77150742
263297034
243090242
263034432
155759727
78965445
248894687
163283211
110463187
191654773
173155143
127869206
54036355
101639680
113166322
192125155
241525745
155759521
211681655
184318116
203399044
74958704
758480
181919597
249051421
187604358
203463277
130012826
198076812
107632066
194490510
121414123
90972680
247841759
155759968
179771901
195919422
183702816
45092032
76088260
73438405
203772707
153500700
262447467
44855468
112930299
758472
23788093
199606929
102391953
166340277
120442538
252882719
168214020
206189734
100899638
205899759
203397412
198077183
120539756
207343467
168563387
196233680
155760379
155760778
242093719
74154420
175653195
205929086
155759514
204535685
758475
758478
249044070
138198906
179771896
203558472
184318187
198075375
198073279
563790
86141968
252430956
191592770
121434041
252870677
125929728
69229436
204535789
190703201
141478179
200833455
88223350
191320032
53516953
168503366
75391988
242782490
252575518
171644956
196001476
39033495
21824598
138189785
213499840
758502
211957192
252632012
205723007
121367238
175464968
197148883
205561965
197925066
978204
201375554
243091863
113626058
31445232
248458409
155761667
758469
251442822
5218671
249900162
162574045
109096617
217476984
155763150
155759510
141420965
202519217
58447245
174259348
183702888
192126947
198613535
105366984
72819965
121433956
68205145
194017371
140971554
186243918
73117256
113625700
20123764
76047925
23018572
23018562
758468
247401607
247853451
2582381
758470
758504
207870508
166084687
73103349
190703185
95932639
74897253
153363086
198074414
247685767
37138011
52130978
128556827
201538605
189470498
205693477
194017196
38344458
31178773
128344966
155760789
73371866
106180605
73127311
128564894
155760070
196133912
138158430
171651099
23788089
38163654
22735376
121661516
198613894
252566057
79116369
175875698
202722997
196559754
241525665
194954187
74342509
217733429
242092149
251514605
215221792
253269107
253181464
249156814
252042810
248761153
242747619
263419941
263484605
248788849
202804221
248212385
253489329
202804500
248761620
248761291
248788820
247667696
171871608
173382916
253306997
251514503
248761300
203956950
248788533
261075595
249130044
215223376
248895229
253310509
199606928
251520804
248761187
210280671
198613812
263099676
261962564
247667698
263505455
262818382
263484890
217478477
217438670
248788490
202804477
248895315
253229968
215615580
261979760
251421960
262646410
