260108054
127120600
217138672
252870385
127120612
257857026
257537923
260804547
254184985
250341343
217520492
193568181
194861722
143095175
193977542
207002809
199553312
182558412
140148419
193686094
193977638
4757407
133431775
263122944
143386712
4600633
154155473
193977534
176476756
133431621
137995358
206295766
155314316
199045468
141955732
212609963
7977384
194860142
25313616
212320307
193977457
189697903
201045815
141960657
137995773
253350311
57694003
755487
201429078
183556759
148076862
199140162
127120631
59452306
192587694
193977406
141741179
158709437
2620893
146492363
192135389
143678869
49635293
213954003
14071586
194865819
145535737
132026389
179795474
172153882
192942822
201045808
146493081
127120465
155567835
20009577
191678954
212928020
194483931
144230484
194865887
161246307
158709925
193977653
193977458
202622901
201648239
144756419
109310911
192033976
193570314
202957574
202151934
193977404
214915518
168663266
195996432
195474141
109569071
137996554
198933015
133006052
198966665
163296061
482496
109792659
171674603
263278360
252577128
204927940
257866403
207564501
263278120
262386209
199976990
196838309
127120028
2155943
78633933
209164897
131170045
177784606
191620753
107561427
84839257
173030831
192679050
138156157
171666552
210142907
249057420
208917141
145767604
2591245
109448175
54364183
111582665
168586135
4138513
145767518
140148415
145766002
203052383
153861677
196977547
138157441
94391068
242735239
156647453
243096351
48897589
159767788
90588566
145767664
198956475
186268427
57704813
242079948
174304672
102735410
253113481
142660637
57708744
141905862
143166812
215101812
134628229
138157032
3665229
48927831
204848081
76372614
2151963
58559880
48891201
207551949
145765770
57705166
2680291
230054697
145766121
207896814
3242233
204915780
210143198
213561540
57870599
97677967
145767641
169936207
251322032
106869891
262305566
133615424
136849081
4387617
154234304
38062697
252800390
156644906
145766690
192156364
58014769
145539800
138157579
250356704
200002075
173987979
131170049
213848195
209603226
3676443
95564723
114843841
52137075
207196029
136664703
138157218
204916574
171049736
104717888
140370386
134568267
17936876
207201337
210142826
188831410
138157288
121096713
202781679
138156439
208405593
139481068
138157504
102495922
76372609
147771034
111242608
139507276
198933142
201565461
171949495
204279173
145766742
208207081
198271478
101459509
86024279
207210502
156299943
3970187
210141242
145765919
207207814
131392636
251588555
152529198
68194400
170337434
210143267
207896452
208916421
57796670
110798175
190087692
142554818
145766437
210143237
209888018
210143184
102261866
214823874
155702094
179493330
120213391
14885460
177626587
83489798
156299442
252327925
103264701
210143149
148074980
146403847
2603979
199010788
97343793
114363128
195969123
106600482
110798135
125749822
139394847
213923386
145766785
210143176
213920887
210142900
210142798
125603856
37525471
209603189
191717242
210143202
158709013
33530945
200947861
110798164
207341635
145766251
161257936
73781816
127120015
145767380
138156693
145767403
210143233
68918071
48893935
35366690
2620637
210143252
145767608
151454959
138385419
252327915
195851535
145765801
28447255
200841174
164792851
215101753
8509791
121259590
138156552
152919754
200841183
208916467
204769144
201565555
138156848
2605263
106869750
208436608
249911865
204915733
145766359
57792897
2595313
138157728
220662581
207735195
210143174
156299124
214147688
3256631
95873070
247821875
210142122
210143271
210141762
142317078
103788727
135290108
192851308
173674471
210143139
207565960
248994399
176402512
145767705
38590230
79653495
104861047
107308014
151452617
210142075
164454791
146380063
121264057
137996048
135149938
171613100
53513446
210143295
104293278
172341215
477564
106863145
152097847
5079941
48890123
102261994
53231777
183351028
151451012
156300023
156299515
179695255
209603146
252726416
210143153
210140631
172271632
204916670
2089063
187204924
135061342
49472667
156299398
215101560
196078820
186497040
170337484
210143108
210140645
207041222
182315629
251589147
195715264
173428774
8029359
145767150
210143265
210140704
170337822
120150357
100931950
4423719
100959592
257835798
164810612
193778028
210143281
165712535
119501374
210140686
145767160
52791785
215893570
2591337
147666269
192933443
5079007
207722776
132209270
204768780
176254906
142781828
164454837
52796364
5491301
2365893
198254613
207354762
138157006
139491148
58470639
204768680
145767663
58524030
208418691
242711202
136713675
135080091
191499983
204383175
191376617
139723381
48209870
214823818
145765803
187034783
57868991
140148565
158224780
165737683
213775191
210140691
169936172
193766127
249557295
221236814
252327917
197514073
103759219
20007949
208100029
151453588
57885509
2736479
2153237
2367057
8048667
207896514
49024809
132201095
209887971
172404217
145766920
111569709
201477664
139457780
113920139
47990045
111714386
59171814
199548522
204663942
106869908
208207175
142834637
136462217
210143187
210143094
207565813
204915861
80976154
204848176
151451972
140573756
98934309
169935899
169935878
201770224
47982137
2605035
110798152
197856330
47990118
