251584913
151463810
13392879
111349405
40394967
89795736
76103473
125875245
48454392
190481172
125874486
193340931
44233585
46612808
216122230
199650623
216125766
147975048
200868060
215120005
71153211
73617809
47136967
125874773
167432893
52416530
52414804
709569
142337165
2588595
91383713
35366932
138932435
144755173
39732788
53922595
139103882
47121012
95124777
199113972
79164861
146870784
136136548
138902908
85240622
38393730
116276578
41298931
146492006
57660660
34674050
33711607
2588601
106710110
133650441
199571632
128857526
216118324
207554938
73578433
74980071
75355575
147887381
125875235
192032689
138385669
125876099
14422599
48519364
76756606
16620700
52152413
147868975
53917883
85239928
90526750
200770081
216114200
185947786
53117266
146250484
144463140
178262709
189608883
199650487
125874560
167489165
128791937
40423371
249883947
40418931
160861867
161029818
56426763
248523364
39088256
142811460
146871033
138384989
129416243
112093820
252174805
67012290
22359575
37731782
40378024
124273206
43739660
39179728
147975848
176872621
210165145
132820505
46612045
208169754
52413016
242009349
52406809
44872655
184281731
217708605
2588599
152023467
71509383
199144474
53918562
159893367
184449774
138141424
148605220
144478336
252571706
216124695
249085539
125874673
52001505
25122356
101120932
200853129
217168042
143292503
14423709
91389171
75383016
198617923
10091379
40589616
46612981
198591036
173062120
35585955
82651517
22294351
55077019
170336064
249885730
135366376
139150199
82489336
207391811
152108694
13895384
57731468
198617631
114459523
14423021
216125028
221731513
197633100
144328191
44218079
137793050
66115263
72027910
155339736
168518151
174105543
212970659
218105960
11382090
199044729
75601201
47144075
171857259
82844264
186267943
125169074
130033500
74013622
78886852
176404625
47117284
184829597
47115171
222424208
210144983
91373323
141764315
208307506
200039571
129601992
46610702
46611549
221826274
125876024
138384300
120465352
114685639
68326564
91623784
242484765
2588589
40385792
128594062
44798605
73383939
242665680
22152471
199650587
216125466
216120090
31742557
35931013
143413389
189681249
14423414
111298487
191557024
197410371
249669313
212552177
253304479
262599119
225937705
38451713
195109277
263415961
248600830
205037644
242015016
248755226
37941777
160146581
177280048
249610188
247683569
251533844
241939881
209906949
214823375
195916617
248869588
210513668
222200949
253492648
263088208
2588583
225264014
248704661
260819098
248345939
253304605
252037097
241964729
195109435
23896038
166764650
130970653
101844741
195536619
59280008
84899390
75364950
136432286
75353824
154703079
173699816
248288931
146366646
261981642
139670047
153514504
121103096
164336920
84899403
120673498
51578502
54368986
125471812
130327421
23896044
106032929
23896020
7069939
11585305
154497919
108050096
193013498
107347771
6187361
170338459
168229054
164530960
261962792
72122283
8945891
116629069
201039062
207947149
116595554
171669779
106385008
92095990
145221305
74527274
170066588
86865760
175157793
158449129
163875673
144170549
174307463
198769926
121053398
123549428
148817644
99247193
163869757
248268085
135727431
152475567
25181147
164055726
38958449
52181786
170066819
208193851
111411779
164253074
195962243
108753693
173882329
174151623
198793938
52725924
59431240
81126063
95280595
261979209
169191202
50888840
177816915
136235879
54778395
144737655
99658714
142213534
171817079
55494442
57678790
170706269
158999989
113473562
73620690
188447585
110658519
132840135
174640521
58511879
164211554
192526891
155163712
10824296
252700835
176530907
76376031
158208273
76795867
120484337
6094113
168220491
36295381
50040518
483022
192519984
62323908
85668288
58215190
206481158
76508364
84899401
252588629
205538899
127315789
195188176
176897703
76289872
146259801
261980470
52853544
82403342
113581777
57300536
50559764
207778699
207947452
77437916
144752016
139717211
120427731
111410244
139716064
174306982
252356409
137939388
152055336
73737394
23896000
148810247
23896066
225917427
129916855
173551187
122361438
54829070
130065451
68603115
26736947
159717992
76288097
76288490
121009909
257507435
121106668
77580510
130014150
136518252
125471822
175830619
111152947
84567962
120294462
174104104
8072632
170780230
49785779
160080576
74511631
97562374
112019799
155678450
52334128
66970874
124854915
111410883
181756938
170699989
159725707
108598173
23896062
76281707
171651120
58085000
144629656
9849166
100413529
157538973
207951770
146206692
56807287
116912906
51566593
117558057
146384794
248296271
12608854
75819973
114197823
196349237
186271173
142212992
157054841
199670748
177899305
127210430
163544396
165148822
73983546
181170855
127058555
207521452
255255793
173877411
152091953
110170514
172364186
150844391
111410237
197382485
169623095
163698013
72921442
166070360
57938363
59134301
176254173
6336417
211960912
58402020
159971125
107529392
77451387
168650376
58937392
129916876
203146793
20666176
170312939
193013236
67632614
66220005
56248982
15428733
121102525
162350432
140174824
121078342
174299946
1058646
155219818
113674296
123861440
154495296
1367233
170066619
173129086
103512758
207521333
150557630
260927084
83919038
36753062
58621380
158600157
121027412
148938779
181974125
139723484
120047556
59203077
117172977
176530909
116724571
76287277
136040580
79693160
116554398
50097707
79217824
248499228
178262730
164343942
145764571
173883042
104802288
10104787
222684722
157031036
100131640
195355820
119623460
104744308
96598016
73839387
173739754
133934889
125471823
52703674
163576112
117379247
114197672
170496331
50945906
81757761
150853376
170779686
105297189
136009223
100084185
167432558
1058638
143420383
113485725
175549400
145208668
154695341
160074614
146384808
178262874
135423743
115692483
143827115
124039286
199641731
170708721
77580480
26499642
168796275
77580551
148824521
259479276
248939601
123863599
120294588
122356481
70640386
170780095
67520340
96189562
7362777
168987506
8950526
52005238
20666172
23896074
148807561
169623114
177913266
143826488
23896042
77580597
76226674
55063775
120031855
136014149
1679115
163553704
85817429
103824874
111411288
170779758
207839693
112190214
51658113
113402427
145205973
145208823
128803988
76706701
96028871
127367952
59050688
195878937
182084507
177747695
173830987
207521517
214619522
73593975
123861068
186627935
161461545
67547286
4995719
161295445
59430930
23896040
104489076
170713690
76280588
166652713
112251113
22415871
76706886
52653860
73738375
88000530
59409960
99659348
123170227
113920550
52490145
62341001
112190136
107342806
25007194
165667256
125548153
150842187
117726616
60739690
120047596
171724662
83196148
76726196
87845835
112250870
52409294
148823609
122093751
23896048
77580487
76225801
151489097
198427163
52488079
215705507
156163941
262045509
169485529
10303935
113485033
146384812
125471811
173548860
203508091
66932112
113478631
71987565
67661297
1058666
111411259
123180929
73552896
205494469
117071466
152018745
144637509
97547746
49791413
161950999
145219281
214168675
117726199
146382153
1058664
178262841
1058670
215727202
251402746
242865407
167549019
174305260
