152347413
178506913
76120541
154988277
252661459
183701091
102084312
102084300
213491577
196248278
137863586
210126218
12277153
137934557
144197671
19843672
38068697
102084293
189174205
205046816
205581973
12230264
202013801
66621454
197599936
63633228
129347822
74318294
161368554
2176073
145832439
15396770
74891270
1046608
252661515
183701087
252661443
20030634
47378682
53798181
70209637
213858701
67693180
44857583
203396665
202345614
47270735
23442784
70666282
164695226
252634416
148012470
190517309
52780812
73619311
252634211
194083124
77765560
77638297
250110759
165046074
186087312
100542598
36357556
45471115
134626075
214933869
202862613
202877424
63498400
202340461
50351891
22989940
52131391
51659483
51617317
50374425
49099185
82015162
98085027
148885591
48843452
127806593
69441343
29207185
189809229
77765596
78920091
52675172
192713834
28926108
7617406
81139119
252634938
96264558
91110148
201126198
2783471
24472276
169905698
32977299
198188118
46642638
42874712
150881758
8059919
31878100
212465853
155106734
183545784
249155815
39305754
68516566
249876346
140786124
181786296
190743177
23411586
222405155
229735304
191757282
92464773
7938216
68240592
248179549
56654938
196781251
116045286
252634656
7287759
48109041
81986455
58804348
111191996
248179358
71076751
142576594
249155002
203186693
66569667
201127219
214589917
36024972
229735405
92467728
29115343
34464904
92471294
91114780
133864715
50725364
14499746
215588665
17510358
252633658
103941739
116043926
172172736
190482482
9723032
116044050
145237929
33777109
202345565
142905131
123509594
13557967
201115000
191143657
2122055
130556265
13850165
209403265
260932458
174237122
76546762
100539063
46642690
199668041
45150662
108521091
47201592
8335239
77638555
201058202
94227164
71076838
2122021
164695038
49307425
116045178
10018400
52429284
84909981
77765578
24471899
190085376
217708560
41166443
190152916
36300659
73722844
35324073
92463494
203187620
244132150
31656710
46789813
54055931
160307978
33608930
192586658
252634215
6734235
24794056
79008812
43342616
149396743
28959227
81137281
23948895
52846460
46803008
173968791
50725470
68647061
50494837
194809185
58947842
51617381
50557257
52133778
51618442
73241996
52216467
77543711
252634508
187152648
51659485
72092624
70209764
68240862
36015039
70209669
16257468
23939942
116042954
44857187
90679783
23420033
252634983
70931922
73619560
252634576
192839317
91106155
43358837
10694709
57043126
217146667
51117345
100542721
6735979
36302363
194493849
194811690
44867018
52582684
201058547
79245288
22885223
23946150
52627217
75380791
249156164
102164342
6306775
146489668
38126382
190624048
4403259
21974467
142570646
6737057
11240175
202509719
58136467
194811324
208410612
55130185
191143962
201123423
229736463
14499651
214921549
207272070
150001434
160307649
76749459
81404330
51616579
116045164
190606301
71076443
82886016
214921320
142671580
252634796
114644591
173968565
54055929
76781097
249907350
77633311
68514338
68369508
46645049
84771426
206243845
194809032
247379584
208437444
68531575
215558975
70666615
71076460
26654583
45292605
98084818
137181111
4403285
68528205
91105713
167581222
110163557
70209781
188473611
100542422
88003347
191144923
49004928
215558707
53254525
33608839
72565517
195111495
74329619
987115
159444690
14619230
41061817
36302389
179793705
114644581
190623524
22884827
45150244
2524705
73619570
196395250
165210391
114626009
81453064
46261300
245770262
201090635
68516575
4403281
190106377
54356498
194808975
144972793
242616217
7263907
251274616
45150717
23003574
210273930
52251178
52846985
44638595
148842372
178950936
94840401
77765579
77093451
196781341
247790955
81484463
221272876
20867961
19478830
58802379
203286252
52132653
51296343
207360530
2380209
195511988
140782848
252633886
148841297
195979661
4616949
25685425
135269075
51117861
179793907
129356085
92461718
8818594
52309579
194810926
77765566
53758721
24311965
33608974
63171405
63188710
215559469
200678956
35250011
22990608
159819270
200676306
22886072
251262868
89457350
205236475
43700143
8337232
116042102
252633696
76031003
114626026
44456228
8142381
4403301
51518050
191906965
3241909
81317986
3242219
91115040
39324825
2800831
6566015
201047009
126039085
149381881
23419974
195236337
201045348
37867111
89153370
5361773
221236603
3646979
52079561
1072314
24302611
58187983
165025863
204374403
23442555
42842880
201852635
116043500
68518895
116042765
9362751
56452917
116043723
52317590
58022918
181502678
123509715
116042211
95335576
248355845
199646249
189528390
201120619
205305685
155311972
179793864
198188932
81573720
192153982
7253321
52677999
100542612
70209873
81987370
91836377
70209678
7253239
201926771
211294917
53316553
100536761
204351400
51617282
177232149
49366364
49369680
81138939
214933479
116043557
44872642
116044216
160307638
23944324
116042320
212568971
257779628
257779848
159440606
50347688
99206609
140786339
190167371
252634701
116044175
45802118
81136373
51618527
116043635
23446762
23448394
23443293
23005587
116045458
200678925
70666478
70665838
46176674
43768121
44865911
116041886
59397078
23938153
56205153
201153277
215558668
251129956
211295347
155310583
59257796
106990367
140787440
75380793
208375943
103342763
98084856
140784805
148841577
176688375
208373654
81137288
77638438
202656576
252635116
201155436
252634952
79144139
91113694
4331331
91108976
66442210
100548749
50725449
146151042
10671775
201916999
40753426
68516179
100540770
48109350
2774865
185439566
196684612
203149739
100532108
50078791
39326607
71058457
68516144
247789394
153610999
229732667
179793787
89774549
823266
222655952
191421472
46783740
7253257
113689178
139206481
92465493
171292866
91479376
68516347
243038489
158790597
92461129
7959526
164814660
89279009
68528232
92463987
41435344
190153570
188991192
190252011
44002228
96133088
203472105
206089523
144405817
205990999
206141541
24449882
177226015
201123221
194811656
205492118
146489822
201630719
45713055
207272197
123509634
97344879
196762416
116041927
196781466
53288731
88956484
195753150
216461093
214937335
10677756
70667309
42325326
44857512
23000456
81136862
116045564
47201876
160307779
82306096
6096577
116043792
45124787
35247215
23447327
11992429
22884462
198457887
207271850
23442530
214927654
44885024
7959496
23941076
23412104
52133711
23420181
190752909
159819718
159818862
81139915
98162520
249943381
107448020
116041867
100542657
68516153
6735073
91106110
82246061
7975237
13452369
13452391
192303950
164814873
89153398
100542655
4403265
190242718
201346311
84908970
45691483
152367469
206141383
36303249
194790457
5222011
208414257
197327836
222679378
181503347
116042817
33608801
10604394
116044360
23448491
49369625
49565328
125813371
116045023
23442846
23446925
23442435
23938307
70225158
116042971
44866885
200676318
90572453
199646228
242483580
214488532
73410944
51062068
1579653
90796560
57636158
192712242
226995831
221237070
9350401
81611041
181785404
140415502
179794008
91110013
216901462
91109062
92461355
205493251
125599959
19748790
53981951
201631040
249875569
202331448
201045694
201307800
68541086
63162592
76360011
70209742
207271744
213858697
42622462
22980550
93233260
80690386
22979647
225207230
5918841
191907048
165045860
190152854
252634385
140780231
148844677
214921335
191136204
252634006
103555018
92470079
10348394
201122943
50071890
10604238
88738327
92470515
196197186
