51420193
136616412
42869739
21931412
27639447
128823533
36638945
20596603
43673060
119446132
135388001
248880729
1084400
37736938
1084398
144522847
1311311
7581139
44912270
16174625
10399377
127190309
174652011
19779563
199709570
160074370
36434125
42688640
800286
58163231
87546717
113400844
52611421
213920197
117642022
143678616
93225400
89823793
54063847
262757746
206672774
254148799
151708587
119914765
107443143
106869739
173428988
253130304
253089501
213887418
25190031
37870228
103265010
53631874
49306310
14953622
193665974
1360029
14953640
7606649
156299595
217147040
215101460
201014776
187593163
217548850
150999250
206548604
137181996
216380452
175535000
182558547
156646181
203983950
201014255
249664457
213881935
171666381
252015414
203842987
158709934
138901482
142812845
119692822
252015516
159973413
145412235
193890425
205767763
145412497
193890496
137181971
198199447
148699263
137181928
225207690
145412097
137181919
112134776
201004320
143612173
141905867
200521814
201014218
198085498
142857446
143613749
137181973
175146971
139561681
203821409
198956568
171666240
182558708
53642517
142815404
208214666
252015257
172158794
209602991
115878237
216517524
137181998
207316724
254672306
149968698
254904236
140323715
195477322
169936170
215101722
192156633
183312521
172343173
145412219
143921358
142836064
134439788
149967872
201014204
170869923
186279193
172219578
174220871
184669676
193052787
142811280
204927672
91512638
167552411
206483608
145412281
112134926
255071757
198933025
192230455
215702851
189459040
170337634
140331471
145412320
198084597
200917386
204610915
225970758
202152452
213572869
171666335
188323383
133004913
174609775
149968361
162530283
55553460
158410004
216336133
57646916
136889517
213998400
175086533
204616374
147816477
156645197
199143928
144324271
198575294
25982626
171666823
138839526
142115663
201853417
248400618
206483460
206483432
252015168
186435682
24831788
169493864
149967909
147080149
191452612
225207887
216380414
167119597
259534005
187328833
144197658
173153312
209176573
145412371
201014168
172158957
140147976
148699672
212261614
247677317
189157762
155314599
148075678
217145509
176081025
217155162
208527621
225207725
148698665
157803656
141356405
149968898
213672429
246854160
145412434
198932992
187598487
166005637
202412376
196838284
208193856
160430915
204923757
261977271
205039972
142211588
184589042
177212624
116398070
207208306
133824729
149967882
148699491
150862453
147894219
184669712
142211954
206483602
83935441
153981540
212477339
210399744
199649289
170337277
136382030
169936561
193666562
148700023
252015130
207230233
197349596
143862840
142861034
145411450
186843041
199033998
199727961
188560737
149968487
145411644
137846966
216380437
222620209
206483535
144637658
202957534
208527133
205231475
142554824
215101466
55723457
252015513
57703206
207016596
208423358
186269038
36376692
196838125
225208014
174280667
143678241
247308122
243808117
177941389
149968931
163543664
145412426
207564562
165911153
247261588
149968043
170337827
186253535
206483470
247017076
177778826
252015338
138211591
206715941
252052829
149968228
106325600
206636473
143921270
201291073
201014473
206483599
137996572
201014432
143612337
149967993
52673690
196732494
128327534
251254622
173732427
214050504
197665163
193894367
177737178
204043823
206123820
185149670
215101490
206483450
215101721
262822076
187606322
164543315
156646149
146493524
259520457
205378300
225267311
199169468
179376555
207908948
149968121
166005678
146919809
145411765
151818921
206483468
142032221
208401270
255076109
204926961
137118583
225239036
149490983
259771038
252015151
143678794
252892521
247854186
196919581
145411951
145412473
221226531
249531514
149194507
145411597
145411983
250341513
158708449
171673541
117779313
147919122
202957532
136405078
45388376
215101576
217317491
247884808
142834423
145411970
213971833
145412369
149968914
206862063
189147093
198956379
153821020
168521924
57884471
198230170
34737255
208207002
230199931
149968200
156645813
177164058
145411973
198411960
133661545
427251
142316866
167659015
169936113
146491620
202712933
248395956
171660294
201291868
252015123
206145561
126917129
72510603
196838021
145412406
213672432
169936101
143613601
117778924
205816550
179748278
251383504
149968247
195853945
206145559
206145563
156299741
145658801
145412257
115222885
143612051
149969023
153584708
127880697
207565122
200843483
213572185
201014399
149193464
23348135
153368462
146622187
145643151
166005566
145412063
137182076
196005962
164537922
134021846
247706548
212318657
201014420
181799577
208077484
201014378
230199981
107016387
153368490
201014713
157567965
180722120
72686288
166500919
198396640
206483598
133431971
149968452
249531887
189867830
174601062
143613202
213572607
213572534
144467784
142790103
155314476
91512602
182558396
208118658
148698822
148078018
196058336
177169107
186630407
196021871
201249008
149968516
181423380
133546244
133545980
188189331
205231473
94878613
252892503
252015125
145412057
145411412
149968982
177737142
145411966
191751183
136728621
259771190
153407253
138603245
214810260
252316845
192246084
262082550
214602800
25986669
204437385
143678802
143678364
207257121
213573211
195844924
55553599
109372505
215101508
8002624
184698248
9435604
252892505
215631995
145412052
198956561
166502528
149968991
191081883
248760135
252015350
143612267
207734509
166005812
145412444
145412451
152448321
252015428
254903996
169936000
144196861
208916900
204413286
251971214
263304062
141905858
149968592
147105500
188560744
198029650
145412519
149968106
170736900
150173532
212261640
252015460
188486537
109372503
171667774
199734292
182111027
91512605
145411548
149968321
146094805
213572477
122271628
157568003
179492662
149968178
212319192
259514084
170337530
143678920
143678944
252563413
151575424
189618692
213573160
186387452
149968282
163029664
149055555
145428558
154722190
169298526
204310731
145412503
197644130
203293978
197645095
171009187
177941385
80535744
193665930
206112152
206111768
215101590
171676410
174038110
215101893
158408939
203905203
107016385
163907952
249596842
189574434
212261544
149967803
140843720
207564927
147105582
158708545
205951290
248224070
145411438
149968354
192156139
182558276
167600079
131817534
225207956
213573480
142317154
144467934
153981241
136728122
43665773
189941155
259513428
48314399
