155179930
49729156
170347300
160221531
105179343
139701828
192801790
115441098
135155345
178509262
144589271
113041227
72606662
72610032
96845263
121482979
173138114
97901410
106808315
178504597
114379774
73832386
175791874
147937824
142994762
113617423
133167505
123145005
194583311
115439407
124323350
67548402
123146405
175786939
93958205
114292700
124259110
115652587
73308194
174622645
97901182
177554295
167521918
185871366
119362876
178511625
91162625
178509284
68724475
124067022
96252355
150312716
80399448
84765794
28074862
45570908
51445414
62678902
67511120
167975771
105138853
115140133
140108880
124774420
162541082
155495972
134025689
184247417
190337043
58898917
76145619
80401305
100728321
118153888
70940503
135384238
108176097
109295294
80046342
171115036
220684545
221223674
101456917
101456420
89644094
74677687
207039578
188585774
115439262
178509140
178509175
50262409
104843228
125911711
178509119
121760253
190522893
51399743
126271546
106654804
160221515
181927724
69031626
73622976
182485772
144082020
94149828
82379964
108400872
69029843
89703715
58673657
129322783
105138239
21146646
177757817
180866672
166007704
199731922
199900497
116239795
193125812
220684318
161412577
225918951
192801714
101456469
195800380
253395010
101840671
195241039
97901595
185948998
195886398
144178974
46639506
24603419
155194065
170653244
186616339
124266031
105824578
155180484
186370215
104740112
193579636
191125331
189677550
173612949
103223023
97900659
44086645
186533623
198918601
194110120
133166837
161451768
184816019
67477241
69035959
96846183
59339568
142994524
96183136
44877258
108101171
67980754
117045794
99335793
135155219
193125799
58670044
168528291
158107571
181712764
247723028
101456631
101456916
248466742
187826576
199899894
195992039
122301623
217781233
125912897
142994759
142994617
187845681
164596881
122650619
121690390
178511608
136081522
221223597
188543959
181926651
163563715
196048475
193149383
185520980
192355681
139199270
204784341
114279964
91162057
155183140
160221521
136046902
114353779
106997555
178512238
4133065
195893566
104843155
97900083
104665067
101841083
91160166
176247013
170847941
44814532
177552448
115438733
119362818
125195945
125605067
3187751
14843837
191690939
171622224
120519430
161904192
155180516
155192570
72794736
176247145
108365099
13354954
12412419
118165091
96037620
106140237
72106602
106654125
142995128
104126396
138562935
114277191
154094075
144379359
187382788
170144985
130996619
180308718
183920266
93957362
125194507
55674182
109487501
134976015
108504438
187660069
199903974
152805812
189700149
192355582
161410418
195864800
220688459
187826350
101456415
101456425
14844047
261801000
23111312
69028593
101353652
130996333
125039050
105826564
22030494
195470730
174442671
98857581
112863242
3187755
119362821
175791556
133165408
155368654
155193041
225300491
48622636
193056556
152391603
73643544
73788941
174651123
105180758
109938175
104843202
67474766
87499565
155191420
174030542
174442587
198537714
105178750
142994258
194087361
159244322
104637788
80638612
96747737
74974400
194087805
130773496
248696430
242434192
167854856
146253180
181908756
166649647
97901910
15307010
163553501
89699918
176304602
76310203
122484096
69029897
53459890
171899202
208781280
197788491
20489554
198350942
220683253
199899580
94117071
176759627
178572862
153255440
97901452
205605836
106654884
203404433
155166743
177588292
192801822
125888667
125280341
104846883
173580646
91163740
192128403
168118810
153789682
114290906
98294233
126039727
195864714
161904770
24800232
197742646
185333930
117668913
115813513
155181476
131180077
108331243
118165459
180316366
192642842
173582381
67354016
21152991
263414097
125779804
253580279
118160218
114136148
202658065
144534455
248783139
59526216
144769535
93958365
160990096
252630967
