263109189
208687115
252457503
249692619
250081352
217865330
262799872
112959308
112956284
211271270
249532888
101053272
263347900
213573750
217199979
202784913
208734982
250488156
230374373
235732989
208216047
252871836
239901571
263340860
262099055
213584733
208734393
258515409
226072482
248798717
247335283
249389473
253308139
112956011
263107935
196373935
208772575
204429644
263089473
262526958
243041762
259520148
254139778
194409985
253090187
184245660
202784468
178584215
248477747
261840829
254139767
204931832
262388559
202821905
80613757
83191520
209177954
117684680
204931798
204746996
247667551
170270625
119718555
208215827
119412974
212981595
129293420
214089746
202785703
185967052
174309294
112959331
171409864
182087337
217486374
187993581
184649628
149450839
50024297
187225181
50404452
145124851
196424649
263089686
262526249
247872069
263089400
160930826
202528272
206846967
213670889
98646973
208762807
124847284
161016446
114740701
148908780
187215962
161016874
196672601
208762643
174552185
174552149
208419629
41160920
192933793
243028385
251576133
184649569
194410165
208762762
201121010
193274459
212981596
107276662
123646647
217141073
252752980
186319463
242359851
172124247
204746269
89748228
204746031
144605771
112958475
156199242
194187055
189462638
194187162
206241161
151820549
205060063
212981683
217439410
221277446
184982639
25158421
165012849
67066148
247677191
146595115
161016516
249089843
235732698
262082615
181377017
252061007
212333603
89298837
174631447
205499357
207854185
198641760
193623048
198699073
201802592
217725158
151823178
193889984
193890090
37909349
13772515
168464414
217840174
205178729
205179104
42736406
112961372
42733202
112958647
193625175
193763469
202785035
196537058
