120036181
21979433
82214041
58311019
112290603
188549899
46205905
159390392
121334822
179880598
27990445
68568757
106056511
136850186
105608351
133671990
105608362
149032368
68571023
68571019
68568778
177554281
191670217
107666904
119191712
38597002
175412930
85083810
101656067
85083961
119632785
107528454
134508397
191644022
128805556
111285744
119194502
191646356
203923297
153677203
157037629
111285389
191667677
127242585
191662283
73176982
136782508
206842204
130856676
126229585
96748018
206693861
133669597
191660597
183685598
170917408
117112177
191663756
150712024
203507386
174023770
167959046
152991390
117112320
133668665
194181998
191662179
191643239
151428925
149453204
143024568
208068440
136208057
117067675
133673090
66104448
157030905
126229519
191666180
153677141
190489467
133674499
191647909
170917357
191666670
119191745
146834231
111285519
79640730
191643149
191647628
111285408
191646654
119634161
96750797
184240715
85083679
191647577
119191897
158898173
133674553
119633179
191642063
96749583
198515897
191641574
191644725
174022188
170859026
111285708
155592790
191639980
140534992
140323594
195773348
117112220
154180734
191640295
157037276
88808680
133672262
119201531
191668318
186739376
97843268
153677019
191665573
119472943
176153680
133667864
136781304
191646055
85083792
191647399
191644778
133671773
192860691
136823538
126869516
5729433
191666306
128659882
141318517
191678527
194488194
169463078
172027812
85083576
136823543
119633917
85083929
85083940
119192441
118584150
191644930
119632490
197333449
136207377
206842234
149460118
113560026
119634178
85083621
128657942
111285361
103849432
191646040
166032266
157175856
146034177
206841417
191640268
186352565
205978069
97707842
155593278
202558803
117112082
111679820
155018230
191668918
119632724
134920719
111285484
118083392
195162682
155592979
171329091
119194408
204928033
157179615
136207382
136020952
147010928
191639951
187859897
148863999
157037058
167967099
160132832
191648219
136821427
171571498
121329956
144320192
85083931
170916848
191642941
191640358
119633334
119194426
191425842
128534458
157037595
119633906
107663536
196018394
121648267
209378804
176118846
69862086
133671136
162205084
193880862
135043820
119633397
119633246
191644740
191639827
111285748
96748989
191640977
21746625
191646932
191666312
191669102
191647264
191648482
191642855
162752209
121333261
191665319
115224534
206841991
175838961
74622506
150712365
191643396
186655033
186863873
189421218
191645521
206841903
191642618
191643220
150716275
169366094
203467729
153677314
100750266
110001497
191662631
191664197
142392373
191644199
191646090
191638242
77605895
157037614
186244193
118658493
191644721
176115376
76206576
119633214
153677112
203860530
140451351
189491250
191645970
107763707
117112116
191645664
191639272
191660394
191647724
176037877
14541597
119633756
209401902
119192051
135044094
175574581
121107209
118083659
155592753
200852607
191660505
191641810
149752677
206842138
153677198
151428083
126230010
111285535
116907398
195882236
205685476
191647703
119193041
191647605
191639968
191640898
112108659
191663659
74459076
191638209
170916545
191641900
191643809
191661783
135495766
133670088
191669060
107762501
111285640
117111762
126229556
138899395
183544814
137992254
193758812
168388348
133673830
191638962
136391484
127252719
133669939
121331919
191643745
47869175
99278975
108841228
187366310
141424572
157175954
135753230
117111773
191639720
191643759
136780895
136207017
191643463
74616099
187725646
56072420
111285382
189700990
135648818
191644280
191648057
144197623
21572395
85083520
153518720
191644278
191645090
191660615
155592723
132851141
191639420
134919892
191645932
136203957
191640317
191647615
191638132
176116098
191669417
191640263
81702966
191645853
133674606
124395171
191640881
119633833
58462134
119633504
116667187
206842620
142630776
153677262
14035729
191644357
191648344
191647610
185004399
191642333
191668985
191648408
74623709
186258838
136208467
176545026
175821691
176145675
124239423
181924255
127350057
155022105
191646250
170917295
136820995
208292851
191638996
91758623
119632859
191647727
191644307
108212690
191645095
191643782
143341834
118584875
191648026
191669154
191640776
191644954
191641192
126229443
118181406
119632788
148007584
191639131
191645894
191640970
76792641
191644254
134920305
121333693
191643790
119634138
191639578
191648212
191647558
191643616
191639524
117111799
206841834
176666743
119634228
136822214
191645182
190590867
170276474
191644600
191671624
191669492
175666608
98059288
204927413
191642709
136204120
117111930
191645004
191640933
133668221
186861996
194414595
176610138
176169625
198382183
136820991
144183616
167958837
191640035
126507788
116203655
191663582
117111851
