90062169
135528286
150839477
10536804
109933683
52072477
109089209
188783368
49091164
253227539
157216725
208173056
11195847
249092549
197973703
122240865
121285605
192715727
73200984
161413331
214598787
113786186
242617906
215205830
134245481
17411143
26183199
190118621
132703002
262785457
214942125
106657384
131418995
68620319
193056629
182826315
127511362
72332326
119221504
115439392
151233598
68938039
140898827
170276682
154696411
124148645
184115069
105138837
11196379
149414588
143951809
20855151
201809789
142994327
10531682
59499474
121597470
80968492
138118539
138119155
130619777
135532151
135522930
94635170
114829696
44428854
6639457
160990292
201678406
182783365
170275922
68216148
114878870
121748667
50434133
74958957
149068596
198122562
195799069
103121443
215126220
190118425
105138041
253253205
210425571
198482873
192717522
205006400
201938435
175812723
192712266
200825875
208615739
263036657
220672373
189676518
10206239
9976855
175431989
42221484
131239108
68006173
71021505
127936208
135522855
59498615
178601048
111385796
120116600
107541101
247722610
87052290
106068905
17452932
69051305
171493165
173944965
244132204
69027625
58056905
135155284
124238819
127868024
191506472
242618478
195893795
173944930
84766202
69028851
178509231
136839319
155166770
113617535
174661381
148910215
62675398
174621598
133165716
85086541
217765397
139146944
181921957
69030367
107631983
167980710
97539401
108508923
90942428
155887978
144379283
89250904
142994260
178509063
165767107
77200023
142994334
178512243
25135599
125910802
69032485
101353575
167750707
122650461
174638438
134976375
73791317
110896774
89698976
194087634
95765910
137551600
188579401
142994343
205606053
113172913
205606041
84741107
129313880
184847425
97900591
173039572
174622128
113617483
121761902
125196636
115441936
125500197
55791363
195470731
205606161
166007995
142994503
101456514
189368594
86534302
184242543
142995163
125911397
178509156
127050277
155880331
201672925
173328053
102110345
174622003
178509124
168368396
139712734
101456476
171333108
171566451
53179192
178509236
174223225
57829635
174442883
201562024
198764482
72749877
225269360
42746410
68857986
69032227
84764919
108249866
91159920
177315220
106175325
150181450
167853042
146252181
69037345
100858133
172535498
101456595
175793040
117670002
73235613
222475303
149239016
114289425
122183495
155179377
141242969
167852112
67548400
114708634
69028926
103379096
70308350
149098720
167976375
97900684
124239479
89745103
68712858
195799038
130996552
161410470
47161022
178512059
187316215
99518324
9841870
74005072
199912736
101456792
122300534
142994419
202657323
71307469
91160329
178511938
155888083
149097419
66577278
226029803
247722875
198352036
92557770
154696118
74245804
174622223
142995173
155887924
195241804
91171432
47166926
199952810
247723117
91159717
170145874
142994727
96846911
139701767
35150218
69030621
69031796
50362114
84765691
125910324
142994276
25079073
72610187
84766279
69032015
199899733
145790608
128803891
205080624
184815519
175433153
106655638
106183241
147378108
152805400
119904181
142994959
113617402
69031817
125912847
206366271
124259205
178511982
168883233
69027417
14421889
105179074
248133542
181271007
205605690
178509289
197401133
168271232
167975684
171020871
180308550
118140351
178511705
95038235
178509083
197973592
97899899
124238923
175787949
192108167
189750154
68749492
106007098
187659507
189369144
142994549
69353483
248553259
113617285
105179129
178512047
118083304
106351606
161410890
176759695
202063898
109113493
59513503
191126925
154095462
202063935
145290121
109484819
115552964
209863262
191690744
133883669
20907379
144082503
87052228
199899029
153648101
146224171
57732071
169304873
114381462
178511943
162124419
71509589
118160184
125911042
203404416
49011005
189140645
66928652
152874470
26691814
102124933
85398040
112781666
244332280
178509164
101456730
69028567
162030548
57386430
111040788
136627491
155192774
116776533
125039736
163831291
183056741
176058988
51112715
36495199
192355575
101456899
201390606
247722603
204611514
174443039
96408154
230201870
153255733
184629054
105248978
160221529
67548404
69030870
192544598
178509194
151034497
69032360
50691251
134498221
53183966
157825422
142315410
180866265
197626875
197218205
115891209
101456807
176506310
190524949
135155289
101353557
113617344
115441483
92440755
114293210
152457903
142994281
146720305
133166418
113617493
124259125
167117510
91162167
108352031
168042552
100234917
115773828
111653019
76822910
68441661
73253607
185465524
160989985
191800954
174442672
67901186
176896809
59158356
91162193
191821440
155193190
184815843
209847307
169514733
146252205
69029350
93201433
114291036
73253216
101353866
142652016
175655481
200677650
101456566
46781047
86377026
69029211
98584935
170127900
160221527
146720519
12124084
