177929032
35453734
126813866
76042092
100464936
113330071
174305289
44603148
48912831
46136139
242625610
50025482
49226686
67249984
176048179
174217509
174017131
35220777
39371218
214890715
62279388
75361575
100463236
106055421
45818121
89639282
201176075
51329698
211961609
191752756
111509449
141985075
191752706
181667513
12695805
116097003
141985078
49226694
47272528
67249937
20542103
92372107
98640342
214101119
57118207
214890633
99909562
132711929
55606186
100461985
201577812
102142737
102142612
116095809
206994775
112929298
70772353
22115485
219144705
1522711
27827267
1522707
1522687
54831604
54843672
196376938
196387930
38301917
51138903
108215293
173549656
43036597
11467780
32129384
188707211
49182919
10022770
194086805
84549079
47295188
38134084
51071992
84547598
208388608
177136367
100461839
199269754
102142444
95194482
173665256
183910516
102143074
34511721
174315518
72680828
176118737
22077209
31611841
77561158
242487819
58267878
58954537
1522677
27844677
57442156
214891713
214890387
191779595
19641398
141986026
149505648
108215288
103881159
85208181
86516956
91089739
63847441
149517825
208377342
32929156
50403232
151222135
76042045
20624235
39375926
111508325
20281361
106361925
208393043
75360994
49381199
67249939
82489878
72103764
55743565
55694476
26210313
21120515
27733854
178112245
90100011
20281383
103809048
113331610
214891979
54799824
950271
73204904
98641177
73175950
162019121
201576826
112047537
178316414
201576106
101660268
122088694
155292725
214892526
45035757
141515150
84547318
54783032
91071621
214891200
44832137
96710706
42214585
174433054
213680413
46905782
58327523
24970895
214890476
1522669
1816621
27818767
46820971
108213756
108213001
194341114
140638890
140636071
107892328
147587513
33650133
38244500
84547773
196487068
49182923
44855245
67249911
84548420
178937491
14520779
84548776
84548547
55365021
32335233
66606504
14760187
76041996
207802619
174650497
49734304
178592689
177274417
214891943
14857538
161031875
149517545
49195679
100463201
49182907
49003408
84548752
76714855
214890473
49873678
214891694
214891391
137854987
20436653
84548485
135495630
78046956
214891042
78047228
35572403
44588051
102143004
102143399
46092445
89878576
174546297
102143236
15333866
169935487
99492185
186201120
84549184
177128602
177287613
20280541
100465042
95193062
188623423
201575301
98641477
80699383
21612093
70770986
22113810
21608473
92024126
1816623
99944283
188056986
59383403
32052561
87389594
206128164
88801132
88800059
88798204
189491499
21612399
43043350
45818117
180912585
203422475
208296981
176051504
100464509
137212054
20540857
229726391
126810910
42839961
140945177
50397647
99494257
950319
177500694
141514222
42231870
10849504
101660119
89640010
107022282
20621784
67249905
49871911
208115234
14130884
166011391
95513962
84547093
89642060
102143193
13625950
174449125
31695290
204439466
204439806
22075435
54838006
8460202
22828169
40759317
44295045
19636031
9731585
91089887
108215667
108213875
5466951
85232772
262783841
29184254
52112829
20541070
84547854
52112807
84548694
49273696
56641224
67249974
49181462
67249960
67249901
14111568
129356134
3973303
1685827
1522697
45411848
38244862
99493753
35222174
43949355
67249950
49226700
84548520
4067703
183555083
45100514
45101399
1812113
49732847
26047679
108215350
20281042
49064429
84549275
15321351
67249988
56765285
35337112
152700588
78044423
84547904
84548330
72103488
3973325
181667661
21611860
55995652
108213987
34511666
140742093
20470009
97560380
100461563
35131656
42845043
84548667
49226714
52133943
49180490
34527100
114174368
84548430
49731044
14788794
179072415
169937298
10116879
84548335
30707819
1522701
25622010
108213124
21093546
45410498
15598067
78045740
49226682
84549307
78047451
133135872
125945898
178321377
3973367
99495049
6280813
56076054
84549271
84548207
20990643
46281199
1522685
34711437
92370619
78044380
132837924
100463714
84548372
84547680
164277790
132854886
68154660
127568468
67249986
49226698
12695856
67249925
3973351
78044800
89640420
84548005
41384937
108213078
12696107
207493803
214891911
129347585
15399091
142449581
110979385
110737539
148908668
142449488
112856943
242798701
48923208
26348847
110979399
71999305
594864
3650335
57839547
52198795
51270429
193770040
205226035
73497449
80737032
110978897
80727328
98081863
84449729
114693974
114694965
135562528
12294231
121605613
121602567
66681723
116416953
15053475
214785186
70383740
20414845
11980347
82503543
114050843
2352307
39320838
41368861
39331071
2608847
16061101
7798694
40390046
16470260
51667713
13353325
72284044
84738499
54389065
54389542
20102689
54389519
84738548
202047878
202047705
202047791
84738469
215174797
188927176
10387389
192395573
192395000
10770844
176545358
84738606
246855499
68741928
40429941
16760249
41300006
216006465
12481579
83376318
83921684
115520738
110979185
213706239
112723126
196474301
87587999
142449401
110796718
56913747
48889380
10633435
6783089
15399766
11601900
7615771
3594515
141530218
145208677
12112351
9727848
48610119
1044754
120484431
93160662
56701408
44300421
11627176
11872474
178511492
44120323
178511515
116417489
80712271
