25009074
23449701
35189419
26503876
23012476
40194195
63571567
203065012
144250844
135078105
19555966
16620910
114189375
116756429
69245401
178100383
21565061
253308966
118208166
13444014
181563338
142781806
128724418
34340186
70312630
112262707
162343055
137890216
52408230
228991828
247808702
193418821
170337450
103817429
248286653
42260130
114188635
116756231
128700831
108512329
64458181
178100310
178100365
113494050
119510760
247939501
121327649
210507571
44882924
59293396
43172003
133005777
35973690
34163563
17013474
166005571
36993560
57046508
45593552
46184469
171613206
137417390
205479980
208771338
201067995
72769943
155554265
87052359
193102175
37170783
158210239
132017116
149194771
21582528
69359489
120859954
21551370
61391160
198895542
134332614
135071984
42921788
180998984
136047502
105674682
136728039
115779065
206147869
106065714
245772805
170730241
482497
177212713
71076362
140162108
22713489
217767463
214654809
41888092
212218475
25716785
106912615
66644869
23012381
4757433
31263824
179747936
209408613
172148640
147423590
122872161
171666618
117070132
103758469
53972255
61394717
94848030
181974663
153989744
249763282
139457690
164766630
1473453
1073720
197897078
103103226
143227499
140938725
24730168
204748996
131138312
137730392
396961
173394038
164806472
53619419
155355603
159382195
88992937
139460109
142316671
22777685
164818062
140938626
44664911
149573974
242209195
19556741
2621955
196288038
55360823
127119997
144455299
134526873
145717324
164804813
2622107
248947134
77663954
165689852
175179589
215999820
2623601
143399945
188725311
74769756
159299253
172071654
143171758
108996967
168856182
143227021
55953629
166559606
66107132
242525058
197897083
25062273
5084781
159855589
161257360
40932701
164791501
167382484
59351467
139458099
142317009
167382386
212219458
19647220
161257341
173425062
134480390
69322144
167021119
176217273
143385846
173393924
44735965
248686727
136717749
136154663
140938633
143399678
158011757
13408618
183689077
194134542
177908935
171612946
195873395
248396007
136156050
225215049
150003469
248394998
174318701
399543
143228351
139491879
230366567
74849895
153506870
66027665
167382499
174817896
137636780
31844526
48014824
248254089
69699993
157824256
141349079
29829755
173495587
207387814
173393775
171877261
221697838
142317108
136154713
74845316
146513512
193386501
171702855
127351153
147105599
137732215
167596572
71120422
2623623
125684739
167928256
196250772
166500929
13408600
242432601
137732683
182556550
19647237
2621991
53606665
161257353
10983103
164794980
13408695
155021911
48300436
187155317
177908844
242524982
137524722
144199433
200920598
171702761
143612510
173425010
180030204
77663943
168925397
142840047
189180668
161257896
114135548
173393748
132211708
173424830
136154747
142316799
160842791
166461465
242528963
162148529
221235869
34741330
76407075
169936107
171702825
173393641
12007672
128724461
136728444
175180106
170385976
136154474
19830496
73764278
19556749
77664002
164808328
167382530
153981260
2621981
136465371
182545220
182556774
136154862
79269517
31840721
159684274
161520014
167382529
164797680
1473435
164761480
201120465
136465354
63682487
164804969
173425060
173393689
200820034
183691057
175177272
13408700
160842804
203998847
35795075
173394061
144629649
171861069
52502885
78291291
143227617
171702827
2623565
138765430
147919007
229763956
143226890
143385182
153506739
166461710
196373571
139491696
136462423
147816646
157823916
234037430
207388066
13408574
132339708
169935553
139012599
166461650
151491196
140127891
158708418
186435940
157823684
48291726
133092190
161257684
161217911
143612696
53606701
175179187
151585840
142781786
140938730
140938739
182545451
234032540
54631612
166461463
174830535
76063981
214488238
166502532
163883138
182546364
234030960
213670284
2086597
81227999
76265391
95873273
74689863
205927385
184878673
88826092
183067053
182545471
46486620
164764202
140938781
132096990
163569474
183692493
166500966
217714362
153368730
136095491
162167023
19556724
164804811
221275660
89373236
157824204
193524611
230365446
171702674
81228003
162142551
157426535
157824016
117281070
171702758
2623571
164811579
164810665
171673470
169935533
166500873
133092875
13408415
143678171
142317061
176146886
166461763
143171767
2623599
171669939
200794315
197568697
152448350
212219469
151818533
71497549
169625844
57449564
10783326
137718313
144511557
20905805
133091813
143399888
138820775
189574374
180015253
174326001
197828141
54630819
142311800
151818454
168662805
169936178
195853957
55763830
171702919
180030269
164811641
74178089
74012254
174199978
142317152
136156075
93413877
7351391
151497630
2623539
48756235
166549208
106870016
2621997
173955427
174199742
139458274
143399690
69699951
225381560
173232396
196559673
214584404
83857555
166500866
76673134
13408333
67272800
151818945
136154828
209164967
3678931
153898041
192713333
140938716
174817912
195854016
259317026
143227124
242529585
136462457
151817748
492496
248254075
91655008
108996763
166461564
169936056
164808862
176736510
153274173
76076707
72122303
151818332
142316743
168791192
139491647
150865973
172947396
95865657
73438721
153898838
48014253
142316716
1073676
139723587
60982831
85744193
176791279
202962198
48014789
183319621
13408683
192952384
118534504
174273120
224056137
109983196
161217685
41894672
212219478
1473437
235607269
252726484
208436606
61799817
2621951
177908856
166461567
150003477
174557436
181153465
37869660
69699573
2582201
152448406
23802912
174311902
226696557
248240107
170815942
88992933
127351199
168791089
136664325
138767540
39853520
242526674
168858483
151585811
169936457
224170318
173904665
197154164
250747493
176166990
259317028
112082703
179237637
52780672
164353068
177908926
242526654
2621959
117551026
84860672
138769526
2582185
131392665
72127222
214067716
260813834
25986647
74792468
176791296
54630307
174301378
429531
138952514
2622179
147105141
143171736
56806892
166461561
136465381
203998121
193789752
144887513
177947353
171673634
217521906
61989077
152567926
253149282
136157005
234026582
69699909
7351399
212240533
106869836
41300533
74380764
2152771
142316710
161257580
140843636
174051453
248421632
77663978
252465402
198295286
400349
23802884
136343626
173423792
9992700
65944802
157426132
217736000
152919663
202783238
169486806
157823944
166461728
161217681
197227681
13408541
2582177
74793404
196370140
153898065
154155218
214147685
155354850
153876693
241938478
69700005
91606608
181809439
190621552
139459986
154155285
168662767
161218216
186435466
69701578
77664021
200794301
190087694
2622129
234027507
133006062
13408504
209164961
140938776
181153486
88998734
225231556
252726436
166461516
148700515
147105414
174309129
174301694
174318376
169280300
143227917
175177836
13408545
206141381
145924908
183691521
174896958
143399679
2623651
242529431
84846243
34155128
171669775
201852706
197007712
168925513
2623543
48303201
144531320
136713468
169935749
133092314
133091537
167552383
74814983
54640860
86534419
57398213
143227559
151818340
152448547
158812818
235881533
192952446
142555077
167526174
58400401
173539534
203150146
182556933
174172079
564655
135548540
166500911
143227453
2623573
167382511
153898168
133091477
235882646
143612803
138952618
252060660
179553502
174346910
139275336
165650410
138771519
139053265
136465386
121736233
143400063
58622551
73527658
116385599
121482751
162428353
201436897
110123859
201928224
8131987
176402864
91249425
129651404
54825042
249949055
104169818
186278704
20558877
73656070
121293749
171020852
146695771
83606223
203196732
196800773
136624594
196904932
83021842
161426577
137669184
127641105
134245130
127376944
103354842
111748800
104532938
96748441
131505787
86305888
93051168
192426422
143666573
153162641
102864456
208054700
121281297
121292255
99220607
174509264
115290011
99220377
76378214
177189414
177189637
52637923
190642008
104168838
150226130
104664533
93597948
93599102
126676960
150225998
50341268
116997718
85965506
90193228
95703525
111749026
84202197
119362914
129402409
185333250
108101556
82992622
92325759
191414284
72016864
67280951
179420518
59552846
92558528
100746931
100752504
146575594
263303536
263455121
262051064
262051102
174296545
108098838
150225950
175655506
101189738
90325203
155887340
150957113
103431982
85190414
150957321
212566312
137666531
85190855
119328567
98961689
105327246
107637627
