241636404
36334973
244168512
252607628
252824634
242891155
212048730
241636191
199630621
260818626
253365670
248425115
193246956
247447997
258860283
208525832
261822538
261822237
261822543
253663568
215111350
215111295
263390337
261982972
216118388
242451184
248263494
241636401
252612589
249888140
254078448
5918975
252631697
252623014
247448220
141040011
263123462
262057355
215111383
215111269
215111322
253271591
51009066
68774142
164339181
74854002
66200338
58049499
73861620
1734977
63950296
1409269
78940858
169577681
74011742
247344805
196291801
12511793
48094686
82503478
8682881
8545030
37865817
83022143
10375534
10713429
12627076
110979304
135328812
110978848
63887525
16998572
14080577
111600656
158349040
5490739
19793402
58562700
110978792
180992623
5811449
1383013
57988184
202422483
57847305
110978890
16998333
74457907
13304156
15891135
15891670
13375548
2067729
56252282
51041247
193777430
57971169
193773138
242654461
253632082
31698428
42972996
2362979
11339713
74209808
74037780
74152897
74446943
74256249
74209898
186066826
73995215
74009005
74012046
74011443
16465537
622371
114050437
113717923
20421114
10366261
75706489
17613949
17669020
48163733
114050754
13045326
12110895
17986841
716383
643747
23176795
110885132
42876201
130326828
128101237
17041234
59113001
51041263
58059223
58329617
16555481
59490145
59490120
56917245
114823703
50405470
52229349
8059464
13558452
1323295
74209772
74644889
14129884
63438480
120534557
114051057
7168975
247471922
34700638
155218464
57752024
68206142
68206134
46017013
635759
3045405
66604122
1409349
57863735
77180887
57989019
53022981
110978824
960813
57998847
890525
110979282
77545488
20954878
59470183
2650847
206596115
66533884
2632465
11339737
74384820
82503820
74028942
74624332
147117118
144227710
9363387
50711344
8061513
66494072
604233
247453084
19986537
20076091
19959639
20076087
129347347
3045425
14301323
59489270
51041261
53976870
57751938
58564863
63446342
74684872
54346532
54350196
54346407
130393045
119363180
7887425
43014535
1692125
2986985
111560043
635752
59253415
644346
14170686
77180826
14171516
58511409
200005452
180992563
112101674
57939322
2414833
168268699
1383005
3614747
67443171
57670631
458220
57751321
53977891
14069500
58063486
13781484
459036
110447417
67253998
14043881
890537
248498664
14607513
48288613
644020
644046
20281613
2304319
50873455
57971350
58298355
57999123
1409377
53969949
53955092
50466121
74227207
11356076
10671335
210124532
72969314
15966872
253631275
58439345
57993138
8059456
58003912
2372381
115643252
110979041
25964607
48574454
14056344
57930330
112190653
9974227
116748634
16297771
180992541
10769553
59115311
244177621
2108271
112106937
2283707
53989163
66583622
31688861
74028898
11889893
8711603
114050950
7168955
50467306
11872512
59471580
32741040
9848280
247650101
54346353
54346357
54346361
195664171
54346344
19698168
3052917
3045351
57508039
3045399
3052175
53978251
2810769
458326
51041240
63644292
180992584
110978884
168268000
110873324
110979056
51529136
11856521
77199734
48453934
3554747
4168591
20073276
76418435
56274070
2100655
10713397
58115333
169310767
193060201
152151990
200976541
16266656
19731188
511490
51318595
11279760
180992670
74255899
74027101
74209762
74209890
74256516
73940615
74028823
59424003
81159477
3553529
20416580
17974599
81159345
12126149
12510971
9980143
45442191
17940496
17936372
12237207
8545764
11797915
11785932
7935352
20551604
3722373
458744
11873367
988952
160825870
83021794
66500486
59488472
58047425
3554745
59483405
243057805
54346434
19959611
54346468
54346382
54346398
54346400
19959636
54346444
19986573
54346488
54346741
3052347
3045459
129347354
54350186
3056237
3056311
66598528
62758417
3052881
10385595
10389964
66530356
130392702
5046063
14025892
180992615
16555350
630736
135326465
58002781
630667
2363961
162031830
7917960
7955040
8059661
146492341
2806473
20102697
54411570
3052985
73580830
77756560
14059194
133828754
20066249
110978798
11410198
110978833
2580007
42972181
128272455
2684495
155218626
10608222
16048933
191804225
12739927
20115632
20095259
42876686
13403744
1792015
56533204
59424146
43332141
68777927
244173754
13145271
29285586
52141463
14301319
247337386
3554749
3554787
12257564
73939701
17878096
9979733
10023805
10168125
82503405
458617
63564850
19700246
20102699
20076079
19959660
38291274
3052181
129347368
3046815
12078017
73940305
59383817
1409235
890531
56371595
14059142
1409287
50447652
42972044
1409285
714323
2268625
60855333
58563783
63181311
3554821
82151101
10777613
54346473
57507254
54346421
3045401
20102727
20076071
635453
20076121
54346458
54346527
20102677
54346525
3045329
19959697
3046779
3045545
3045509
3045457
57508045
54346510
54404713
54346431
73579836
66611124
3052933
3052975
3045429
3056255
3052225
2690551
16632581
206242853
127965997
111963444
180992777
19986822
20276096
56111732
19731302
19731300
53977651
57753350
162031719
112102330
112520738
162031888
128173672
73861938
604227
57753026
51653581
111581998
57806426
6935909
3553609
3554805
3553487
251060529
180992522
58292549
53979460
57750941
59466484
57845363
3052977
190624295
3052965
3052931
10387243
647382
17886937
20576552
475595
53976840
2216127
42253908
8059511
111409356
58393501
58311568
58116117
51041255
57939463
67986941
57902939
63934790
191801647
261822469
215111381
215111313
194568347
194568386
161876524
248640588
252638009
261983350
242450972
261816064
261822698
261822923
261822095
261822480
212920978
215111289
249464975
261983370
261983384
261982963
261983371
253494443
212920911
201165161
262566521
