109416602
131254405
110731643
42499267
131579429
81091913
107611061
160418797
112652991
203869897
208450482
169078528
182707632
151033792
249240227
81092905
201592392
160066907
179154278
155061535
214836577
247858938
197748642
67247448
57003788
68728887
193624298
156687727
62684974
49899536
146593802
111552720
113426758
169104682
150183952
14618530
137390749
89752861
103931090
143152609
191548038
163870492
131997779
50246869
101456963
129393505
158887418
67445296
100582476
17013716
97901232
26267148
71092137
194810304
208210705
74596110
149192611
145935637
167608873
174230329
74383467
188560126
106656868
106655191
130873314
180350562
134315653
55832276
20724489
76545769
87093129
8819756
184600545
53786082
38477281
104708870
193624007
193245612
98992201
169294916
129025094
139583261
76545415
126701549
106656274
171759514
203465996
102116577
172427405
201882286
143153482
58650381
101456608
64301352
67956527
217140861
104907966
92753496
95495401
177272121
134315770
131289907
74596323
77090171
70661538
171850777
213541861
76545460
131255948
72216123
162258849
190739822
107102191
133893799
134318674
192323906
44350527
73252848
253229698
226233401
162256821
253632030
74865203
217467716
194792991
138030010
178227685
208765597
115552983
247241528
114277706
55126189
43740027
164010886
103233923
114277250
74909115
14459595
105138389
146662697
128254297
19292772
144453260
198075111
106756942
114538960
217260059
94190791
87044489
191926477
42190578
114277419
207358059
95219601
10576224
103234091
149099396
72037681
155887557
96196025
157826920
113399406
73504856
212325886
192013939
134316354
53303642
68305542
132306434
104708403
57908690
81092455
11502427
24117235
19752986
130898997
144453119
203910901
73204367
205693450
144453571
229750806
122592546
166527084
149196136
126047824
117032352
213781632
154701109
46575803
169118199
253252935
134317447
191754440
11435149
121038227
171492589
184300171
186348230
115440476
85170319
74838521
203982825
198934136
249204470
72213762
180340637
75403066
198768813
46188633
235544629
191057171
247858253
217200727
194456549
57519418
174382359
143149523
133167412
154905266
92811556
70217563
146370687
144768919
114294089
114277144
251266758
46652590
91817125
170917646
53066744
76475878
220667344
105138077
74281369
114277209
114277560
104518853
131302164
75376671
243036241
170917538
90061430
101353490
86662877
148939764
110201911
189413580
193758095
248956309
247812122
251983777
87787837
47089150
17872372
146595072
106654960
44023080
104518238
263318444
198521645
163564067
101456687
61398470
100582526
49934464
136838487
168823848
109545623
73488858
170497647
252675163
194456868
193911794
158655724
134318094
69082366
150995779
167950333
186215574
101354112
83676956
40185382
230200082
138000484
11435214
174442562
104708874
94573013
174442971
248937179
71567296
177970995
106043038
87613035
24198864
49278571
139612020
230201315
126701413
103750368
94199259
63938332
171759562
207412500
143036567
50317209
73863352
144760065
139592675
12722532
248978468
200671357
179155153
196449393
204000630
143148788
155795249
103294260
146594424
36493892
146594003
205600078
168812345
71326761
86406786
118151264
137643902
169280284
146595455
74831745
104708804
216200257
198510684
101456521
219406226
93051018
174443021
104707263
33399475
184674068
167113229
167431617
217149277
20675814
58014678
193763025
207502477
253713110
252100176
216124739
101456647
106756875
254036845
251515462
143147814
243036325
10137876
114671365
174224046
165242893
213539512
113559156
143148560
158659264
101306541
126048823
196002123
125257082
101456855
148939794
103295512
44323268
76200843
114277277
74161174
137220946
29356738
126048044
140138836
64265969
115138098
52254791
59420676
93046992
100578695
40295307
21270540
117085284
201798617
248324758
193763302
101456947
101456743
252213563
59152075
101354154
141538555
105139405
131290731
87729260
36569531
63839433
48305332
115901832
189413769
105138952
199579469
248956135
101456587
208210882
15936183
247241523
118685660
137220622
144453248
162516733
41892628
46691757
134025545
184497690
185903789
191928561
188687521
197401099
10678242
49236037
203065356
203465184
203913346
139507239
