158459456
194810228
168586670
177272118
21229495
146511959
129706009
55705124
169679688
178577852
165897946
169987881
191547971
168820507
204671544
144126115
152874901
69066768
146595119
10173272
54607648
144236496
200724120
145564871
262785413
244301994
179151018
159597698
62730533
183338498
154366967
174442969
185350075
151833194
189653060
177189482
192204304
164010939
176008786
79752871
156672683
171759842
154123456
192013470
176416754
87097164
205618233
143036270
19281458
164010875
91771099
191820910
87120540
20367554
66107749
192014098
132128400
134304277
129818798
133001700
128782137
132127027
143157075
129820418
135515163
215896846
118014158
109610940
106073420
132127979
107935047
192912284
107038136
107037866
181428785
127252557
79104671
73721580
196161227
108404613
107037744
116408489
207554820
143184240
73452253
132128565
199069048
107037368
190707657
199066838
109836388
107038085
208383841
154176815
174216189
199066971
107037812
70681377
157826322
262031127
249536524
153471932
138030112
118024362
199060378
208371497
181428346
91491281
73537969
176802393
134372811
118037138
89751262
200729362
179930507
134373552
196184739
86541974
136838548
160824670
194088194
107036446
84167590
118024543
20642548
118023217
161008977
166545971
135520756
137935455
177271802
181564921
118022906
179935794
92048966
134375342
118037000
134373732
196900103
184651441
184597051
107541838
159314211
91464100
128159134
134373649
132134002
128268691
136839134
181418467
138313913
115463767
114290230
94982863
107041449
118019596
142573129
193214962
174211231
201232207
262069297
208380979
107037233
242084098
134372156
10888274
113065081
90061825
208383994
199070808
254098769
171492607
115270966
70681652
181794873
148513790
107041087
123144862
107037596
35865845
196561333
191258160
188947706
199058984
93225945
207554788
131578721
158650773
193217839
107036553
131418237
147874434
94896046
181428399
254095853
118510414
92947151
114315743
183535589
198200163
127868714
185310493
73248642
118036904
170917685
139244474
118029754
107041991
118016075
177705434
116088353
174418321
216226906
100489092
144238123
134373079
110897934
199059007
199066769
134374069
208382583
214718554
112646542
199067610
107037586
144521414
118017129
190454087
249357031
74383212
134372185
134372658
73674677
148864827
107043676
71506863
154153457
156285424
179932182
102909207
107036346
128125499
118017213
92681566
107043733
249357721
200022049
173218992
182598373
192116911
141840763
125739813
118015624
118025667
199066351
107464718
93274834
129391414
181564658
131996689
109835894
142905417
116255449
95001167
69097602
162258616
114379560
98641267
112095940
118030124
171850901
143155054
107036687
263021666
191449637
196046971
140213094
156275202
143003705
242424737
93151526
107038063
107045971
135336744
118024037
134372527
76042393
200017919
107044291
118024581
199060767
73586545
126347675
163907287
263330483
178227127
92753771
199068495
162198082
132127271
216911997
96845932
109837150
118022484
134374803
113345007
181418974
108812095
90341169
144522289
112655965
126341909
167619073
196164673
247456180
247952778
164936139
106654109
118160659
131418320
107036909
107036710
143153296
199068191
197355014
79707445
162389020
76476104
32939730
124266229
143147838
116331675
106053383
208383862
144082418
58340433
84167643
71065428
72290066
135336055
244316650
166156391
73674727
123948202
50723421
93507360
79752527
106654111
107037522
208385366
107044650
118026019
181418356
118037459
199076862
136011747
173944486
193646626
114332782
191428907
