121230862
199841482
242301958
169457725
204378534
205071155
169453374
170391071
171671032
170423219
207354610
121231224
204878485
48126069
75444870
11256815
217510169
193890412
193686599
48463820
129504984
225919237
48564395
130743837
32653811
32643793
29618155
29634298
48475965
127221002
29020876
217479265
98070879
165713439
225298436
247199167
205445370
128825217
136832101
120312920
192918448
120312929
139247884
13745749
95916449
95916607
89643366
202709203
144180915
46302064
192919931
49559479
252166659
171661126
41907525
44336625
48775082
20106619
58924132
137524480
57156787
46676897
133792282
59365721
90533444
57888007
54857165
204282178
109853970
146519467
70839639
125603811
202854212
90533431
113211042
36349281
130042803
120312923
41340859
117829117
122868873
15636731
165809296
128327388
242741613
124274256
150003742
196266763
73854854
47140324
91247647
207719805
87299617
15134826
107457718
97044609
36873727
136828039
202849379
115902709
44885346
205817105
65094109
66058852
74569586
173785312
213563445
153407057
57971581
120312947
120859870
56488344
202864776
46207661
136335746
47153712
122871652
128325472
115224173
169280073
153407028
120312926
55199967
187838195
48773664
202864493
75954529
120312938
249005917
198995638
109853921
248361780
160830879
211927539
249006094
29965663
181147309
120775547
207723656
89400449
147105102
146381739
193909744
253306804
69520813
213490597
171095801
165035885
42566419
174057086
205511931
153406986
54054845
173173606
43367629
150167169
136045808
115224479
153407049
25624835
84803620
156175175
48697685
177212561
202854099
41881568
55647274
191986062
148699862
45438035
259518968
136042207
115223237
149193873
73496228
77855562
127671374
59373967
252674088
217500686
197514263
164537886
146381849
6718307
117582490
253306891
74279754
158709566
107457499
129599964
194372843
10159663
64101110
177703767
51665722
108969939
7385567
108996954
50451468
78033284
120475765
148679897
206304432
205725960
83933405
19774474
32226231
212320568
75665125
157198657
143809243
7629942
11364509
117789022
150835740
8310358
102062658
160405972
155314471
74554678
113772689
253306765
127120431
201004301
42564011
5912371
67242991
59367589
115223451
51097462
120860074
22621633
55207071
242726289
160406910
16314265
167382586
195866961
7617330
156175147
47149578
212320202
83937388
128326039
188551032
131489445
41233756
65076947
58600318
107798729
59173690
129587640
175549904
173785294
173785327
249005345
47277087
171093225
219133979
136041843
189263531
242726220
55646876
46676786
125752517
164542568
144455415
114250465
155050154
102468218
158709745
123861758
72746675
113047758
213491367
188831714
158210503
190469587
43759226
56015020
186435805
143951842
43366020
36711404
249621158
755394
153368499
76447507
88771594
168675161
253306764
194128584
160875611
15358042
34741435
45606701
142619648
48116225
47268466
171667566
97489976
166500881
162089177
124273336
249005935
71025285
242726233
127671448
248557424
192919578
90533429
149193458
139247538
146381379
202858370
253306784
249004822
168660120
45879096
188528655
153407085
144180055
88796406
249005464
149195399
755476
129016795
217498987
50192382
148077665
144756963
197888966
31519610
125749791
176434848
755473
120475866
215121472
107479332
148698725
20890854
83935850
32405478
242722812
164454840
153407007
153407041
177703760
89293860
128327237
147918756
179735229
116756206
107762941
174248334
124274412
162148826
123862311
175526100
120138565
153407046
48046907
111953222
177221852
212318061
107459924
195781411
207395607
102481994
169515981
115784831
173785307
755392
249205477
171676440
217500684
262679525
163661653
125749782
160831653
139248137
206662329
113888211
164454772
128325868
124275139
249216886
150159776
44061510
149192872
127119929
41143331
99041633
7386479
52351482
171658713
208074853
115223931
116756487
117582859
166005641
153037769
78953761
180030394
125749787
148076499
133811791
193768982
201013962
192918483
249621717
259513732
56481451
198933013
148009287
54405379
34737686
5993465
922610
115224371
129284784
34741485
249005470
110457979
42560708
47891846
59566717
249004704
147010165
203910088
755384
83934750
43764913
108970003
130854978
174175744
173914310
188831875
153407108
193551350
185864553
100181872
55647096
183041228
187809205
128326974
201071426
47378666
34738912
144178930
213527264
253235958
213527063
247447011
230038124
249220482
147011709
249005471
197515302
122872083
249220582
182314302
20889256
144462343
212606196
192918521
37974458
117969867
250337652
213491737
48960718
252674136
4365293
143863969
129021812
127120683
168710245
115223373
176419865
158501272
111859708
193741716
193290105
250080815
212314920
217500678
13767948
147011952
113400366
107454069
84333050
117375733
244317152
20889889
222386191
171612925
171674088
249005931
124273602
87547052
212318795
184940604
127879166
139456862
108969900
162505997
188531507
23418228
755393
77544091
49182756
34738517
143808756
181804001
137524558
139248037
196283471
103922665
146380479
153407015
164536507
122869139
179207320
188526148
165631161
21079380
10685316
31693209
32226285
125749994
58271123
44606980
52375183
144181362
107459984
108996995
187809215
61020277
151452984
70118330
755383
75666086
108969903
42921608
181218416
71684347
247199153
204399066
52356861
209409784
49083351
205289214
110283880
206244379
97489745
108969907
755481
127878679
20872204
3110713
249885292
72927150
83934478
139247733
179735660
755382
761033
41188528
173393397
139460476
7629953
201648342
196186567
200720375
42620014
213527229
242726323
5945623
212314922
44136755
158382830
212319157
208608946
158708627
20889383
120475834
29963030
212927857
34738536
177703906
249005591
55646681
197541624
164542072
136043265
115225047
181976992
44344493
182558179
71098972
71098834
117556173
214752607
170437563
113400824
148075844
174304674
755483
136728749
134232102
127881525
107456544
197513800
133792557
10685335
124274668
252720905
146493913
153545798
10685236
130854987
230207526
182122860
213531645
196050054
171674239
33458960
177703916
6094729
154152711
175526164
130039682
196838006
248676146
155565514
259519956
57487461
171661159
34738437
171668401
253300174
121625871
51280600
52376430
160406445
173789217
117688215
755474
127880000
58566031
253306746
102141120
139247615
110470952
102858743
147729078
94061740
157568318
10685168
212927703
146928709
213532539
34738830
34738565
175527385
171668276
171676644
46265756
7617226
177703898
139323061
57887447
153407123
177722845
107462441
107459814
755391
108969938
155314438
136330161
146380461
22814331
115223315
201033138
164542501
157568222
253306855
72868245
144759193
128328192
114789410
33337232
20889241
20889762
32226418
