166411637
174004141
20824690
94776571
83161021
148701914
67905968
53774750
119274032
171686639
155234843
247325360
35583389
101794551
141532884
99490527
16645806
195236488
54399384
155231808
158405663
198898461
122349821
109410617
51969652
180390855
70245459
76697076
53026308
52611150
203862823
49195908
102860241
176599245
194124266
20825146
31656360
76543598
69509261
13757076
166411572
115798741
97555431
99490247
135551507
52411992
67995904
57436499
198305108
90752462
75975171
143158681
143158860
110941439
187364689
51540606
180389798
189218218
31577762
67495733
81714303
53465754
129705129
56957551
140462772
100148757
173890418
147432789
247446060
167979925
189579913
88792902
143158376
100367154
214600160
27853311
86129348
157097984
95059809
195233330
180960425
113705603
131124958
191415208
91945235
24354911
87446514
89186243
70628706
197905917
140416603
116566682
84461739
48544172
104161709
121410949
243046039
155238140
155236656
155233526
52647490
143157928
52417210
89840149
101213713
58689983
70308024
180390813
87472566
155394181
134551801
52411994
99486759
19914043
176081927
161904964
20820063
180389799
131125197
148056698
24354941
75370715
100125367
206137748
169092519
52700470
159263239
87467984
83159697
143157882
152018021
100367720
111405502
248251899
171661507
121410827
171619730
74928594
155236712
173755413
6648743
251335848
52412064
94572155
29566195
29566329
156649585
180390351
67905015
180390519
174002951
76355487
199607725
73815577
24355049
180925299
87446755
20732743
198564670
3969815
103982663
20825236
152292752
104175524
217266880
143158117
143158195
87624251
155231456
155238766
164947630
94567636
94459801
207642986
117083629
117082001
155391675
81714075
181422712
93240537
155395228
56364013
182744203
67505310
180390253
138307051
39324223
146777519
106459594
157414813
135551770
29566231
178776363
180390802
178776227
75337280
141541331
173968561
84464002
170343794
67908816
81712187
109873731
20820344
78973366
197906304
48268590
54440382
198565112
198261650
3969799
56958336
116147690
198261829
262566626
59552147
249248634
191657659
206140474
78578009
37871968
140579917
104925663
88198306
98136789
104160845
52411998
155311422
83159476
153906085
121304496
143158513
186619906
248252984
192935890
32176461
87617142
155239288
119271767
71126734
248252062
84460778
125916622
84461968
204686049
29984838
180389797
190154048
94776124
89502924
52411990
178776219
59157435
67996462
225948447
20030332
127662166
180958273
94773481
58931485
70250110
94775757
94773649
54549081
109687164
70317351
95195621
54442247
56953923
252578245
56955659
129167496
103979211
49373946
140308361
103701587
203392001
155231143
100390481
121411378
155239502
248251832
143159888
125802613
247717394
39325485
204784397
204784336
118900480
99480657
109034245
111671598
29566273
94570571
180390269
71927270
67903735
67019512
155372193
89687163
114290932
129301557
140122543
117481712
16646937
199595454
56958262
116144232
56958251
118592893
113234818
122350096
42645558
248253125
155234364
159018166
171686526
87615802
111404411
248250614
143158327
115500693
95332997
95334507
203392056
29566229
129302486
129302279
182313070
99945296
180390285
67908673
67499735
190454130
137826715
106458407
29566323
86377303
94773315
103985184
12694827
66610855
29566235
90065025
52412050
62830036
91387321
10076577
29566219
141040736
29566279
180390399
180324789
180390501
180324681
131123690
180324794
89840814
30782054
155372734
180958581
180389877
178776197
68904828
180959374
180390474
155381653
100171324
95665488
75801846
109692950
75801767
49492883
132370750
63826871
90752509
198262024
198261840
90752743
56957509
29267137
79547667
95702446
178578162
88198270
73864009
140122275
94775538
94774598
140579763
180389925
180389922
56958267
90863897
197190924
247447754
104167277
106606359
250076290
101214068
142872473
155370851
121410920
249006407
248252264
171451574
217563466
115543089
115304424
245773523
54458805
165847532
153158176
31142458
68341849
180389891
174491719
25621131
103629860
180390457
131125025
68342821
68343402
131123707
185976425
29566333
70308833
121646266
94774234
190454053
92488918
72076382
90589076
24441243
55238819
116139844
104925820
167653014
174500404
155233209
110948866
121412209
199899211
248252432
70773934
100148957
52412070
46215676
84460487
20819998
140464048
54477580
111585764
99483430
151832243
94568408
67232785
31196091
125781104
67158131
67233124
29566205
178776330
180390100
131124812
180389833
180390091
70251005
129300221
206907583
140125396
100113193
75996185
36333158
9557789
31235684
246154682
181785333
202225015
140152590
34499690
99482875
20820236
166411600
155396059
131124394
177713067
67903220
81714406
100149620
71941638
163791425
116142843
3969831
116144376
182313513
167803844
178112181
114313293
41610999
48580115
94775514
187872418
104173621
104170837
84462530
26081106
100367411
235821908
216451602
58591939
187365414
94455272
144231454
35561323
90065491
104161374
111676913
84462265
181673931
194477427
187363220
241193583
187366534
74932434
77029983
192937657
89839686
89840463
248253030
87624299
152098835
155232057
155232993
119242327
121411268
121242968
88962249
197629760
197534807
37718877
176141586
115320975
155233257
100366914
143158006
155239463
75997227
95313870
176211344
20819954
52412046
176217543
76355918
162997149
124773842
52412066
29566321
67905885
48325699
15361409
178776338
182313554
180390405
180324654
29566335
29566211
67159442
155452512
146777561
20820012
90841511
44019149
100391533
101212914
110988906
250104621
79437969
131876044
147043733
121411713
119277263
121412280
143157880
143158124
121411287
159050079
101212638
196158924
164455123
155232953
155232954
87623959
87467900
152895319
77914008
204783947
28528616
29566221
52411996
14170627
56226814
75598748
150937862
26115112
29566213
94773933
44182698
20820464
37737265
180390280
180324629
138307214
174406688
180390171
135551567
84461079
52412054
180389906
29566209
174491230
131124541
174404500
50173635
89840263
41232291
125010532
34744636
76540237
90841852
103983033
117081562
20647627
98136615
140579635
81714679
116995063
15310188
52412068
71941252
23416794
109816952
90070042
15511972
20820119
81718991
58731302
29566215
184822205
73571307
198261546
90750049
252571303
9982852
3969607
3969687
56957527
90745123
103979095
81583207
67429110
72304414
207497329
141757104
114332268
70774334
104630818
104162952
75337337
181363220
52611757
172112263
101213343
