121303014
171059727
71156242
14399968
99482593
168209373
98625857
144451992
177015316
92239799
171909995
118119744
103974450
104063916
213869224
160683198
121305269
171908066
183489891
143158808
3237617
99480483
59564559
78491063
167048310
13776304
48591433
91933088
183490883
121304072
98623926
171230975
19640255
15274726
165995454
160581066
89466335
190295609
52763178
186790242
22603926
212939477
171912134
98037972
76377695
171911671
104064348
104063412
110750846
98625491
173398159
174651544
205463371
176246078
35599990
172825067
118119840
99945167
134848288
98128683
168205510
14535290
183490636
103983770
20364947
13720669
52082984
104063883
143213452
185232655
62745390
78925174
20437528
13781248
118119619
183492594
99478894
98625144
80955730
22980702
73808601
4993363
183489734
95071208
27634706
20437816
99487199
6720079
171915948
124773422
48635156
126910757
59393790
58249926
176936959
104176205
217740859
143158251
73994500
144235161
148943170
104167397
174015511
176135348
245774300
98132470
19387800
43335354
197588039
74546275
3557227
53537690
165995114
98625044
96417637
186908255
172501253
249176582
48546584
251392118
78929175
167896072
98624766
187190977
104630163
176134657
46231517
104067652
245976706
147453174
16274438
118119841
129300005
98622969
12033673
99190644
164241273
190641491
125835913
19879802
176937573
78490322
57087290
20152742
176935717
79269497
173100595
36258675
105679290
99481258
162029329
73158025
155374551
184052853
171000262
183490976
134665096
13587414
81614128
98133298
42969209
99482260
104063640
19638577
162587519
106395240
176936084
97555263
179534015
16646476
6491011
60659413
82949857
3557455
99191274
153515875
68688264
121962593
104065031
104179173
168310179
202736884
247953776
82306488
31201442
22595534
194030164
99478499
84454109
121647949
190548562
95015554
27634684
75983158
104308834
208230323
6719445
14953174
15726375
4068131
168206896
106351481
173831482
74402291
52422029
249948946
133613367
104164644
104176342
3557259
13634142
78510529
78510344
20437831
99955932
73503037
104065307
183493680
168201208
176937020
183490419
14941269
31205459
171917073
52662861
75401297
82998415
99480070
51707807
16263508
98679048
14437177
21201619
19640306
72127327
181372257
181372374
212597656
195548841
22613490
252402081
126739832
131123997
247330568
183490853
124773067
176507618
73503456
48252507
162404235
111586376
22563901
19239810
98622640
171000003
167893771
158790671
76706612
59163894
48567911
103980392
189648805
20104129
104063107
104174385
99191524
181372579
52661714
74280099
25109517
98624906
84230144
48405625
12409477
104064242
63097194
167896810
20909145
76538847
183491437
183490876
4067985
98242675
103984598
16344439
99482985
229715642
168203984
73502976
104064156
73861182
76266153
99484006
99485676
165237774
99482048
15664646
14145124
79697003
190598218
20103927
47139663
99544464
199743054
16645821
104630464
191320303
171914742
140416378
62636735
98625822
104066450
48591400
57755319
19712451
31512625
20103960
48591411
99191746
206251650
54010538
61517745
176451795
261967174
158449557
162041451
208069746
180580611
212936756
212942982
78501924
22611554
31264440
143159220
76265993
108590767
31205661
167893937
52618681
99481094
99480881
22622618
164553768
58516102
193900743
125835130
14185247
118119973
99485116
4113247
183491419
20411388
31576287
172823303
179161455
144231872
193765753
136080422
22613627
104173630
2146643
143212081
53968555
74280105
74280103
160682454
172834906
167431460
29830611
121305259
199943086
143158599
207207838
125175579
186452155
176687610
21200230
155642920
99480384
171908639
165995773
98623465
184815454
38936714
20411921
191447896
31205655
99545609
48418870
104062988
168206561
20165674
12427618
82998663
95195603
68154025
14450071
181978209
173718599
15659073
181965032
226697583
14997358
75631777
126736573
76466502
195765708
55568833
75447701
55568841
104066642
104064647
154405595
181372393
206132666
81695011
229735340
246169091
74280101
191693050
73158002
176936097
225911339
58515290
14437144
14941373
99481429
104067130
171908101
162358010
26738204
82996299
70684718
58955493
48060190
140416491
76552251
99482911
31918281
103976838
173132715
248865922
168207360
68086149
77984995
171579835
208069397
134666827
109876079
71156013
171049324
186252666
21025313
104172614
52868256
119974888
20412053
144272349
76056368
31205756
99545984
59722918
20545054
45161627
45161592
98622392
99484647
197543800
58562531
58562357
172529300
168208621
31587695
99483761
186908147
14185225
97555345
19638573
21552320
191437112
207304576
58530743
174532533
103982637
14384866
21223831
20206454
104067659
59393724
31586453
98622312
99488797
98625061
31205733
168203113
99486110
2146615
51713188
98623539
157944482
99481995
91004325
35544533
165213463
19638575
20411888
81763985
172825739
4068009
31572621
99485400
14268109
99484341
179533812
81763948
117462981
131124196
22606506
98624460
183493100
6974913
14145319
14185236
14184741
148059827
194027253
189614235
172822566
31205897
98622341
98622427
21552295
75552097
99863088
148599093
48567909
75551927
19638601
20104139
165213253
99478718
53116768
99481525
99488413
177714282
51985983
104066203
12110690
17940041
14437188
173718706
55887530
14780541
81582929
20908900
104067538
99487194
3557383
48546547
126739595
77548367
20411333
20819409
48546677
20545292
125834966
173321844
195872026
168204104
169409673
117463003
38245663
13781531
73503238
99487951
171912695
84454529
172825481
186908544
73360134
4068279
183489271
183489146
74973747
186908694
94635963
207658733
131123935
191693878
67723876
14945619
173326552
57521341
14184979
20553696
177712798
14437529
183491592
19823972
69689289
20909287
140132550
104651687
124773506
48060435
122645041
99488939
20437682
33355618
76477344
164967755
150844956
226675838
58516301
4068255
4071795
164553317
14184776
20818899
48325316
14184812
57521608
173325888
20103839
104630842
183490578
99480355
10930285
66618565
20437479
84591843
103981521
99190893
14885884
144231604
